5.374951362609863281e-01 4.625048339366912842e-01
5.374056696891784668e-01 4.625943601131439209e-01
5.374348163604736328e-01 4.625651538372039795e-01
5.374378561973571777e-01 4.625622034072875977e-01
5.374116301536560059e-01 4.625883698463439941e-01
5.374642014503479004e-01 4.625357985496520996e-01
5.376966595649719238e-01 4.623032808303833008e-01
5.373978018760681152e-01 4.626022279262542725e-01
5.373970866203308105e-01 4.626029133796691895e-01
5.373712182044982910e-01 4.626287817955017090e-01
5.373696088790893555e-01 4.626304209232330322e-01
5.373631715774536133e-01 4.626367688179016113e-01
5.374212265014648438e-01 4.625787734985351562e-01
5.375297069549560547e-01 4.624702632427215576e-01
5.374526977539062500e-01 4.625473320484161377e-01
5.373332500457763672e-01 4.626666903495788574e-01
5.372892022132873535e-01 4.627107679843902588e-01
5.374862551689147949e-01 4.625137746334075928e-01
5.374373793601989746e-01 4.625626206398010254e-01
5.374935865402221680e-01 4.625063240528106689e-01
5.373855829238891602e-01 4.626143872737884521e-01
5.374112129211425781e-01 4.625887870788574219e-01
5.373868942260742188e-01 4.626131355762481689e-01
5.374302268028259277e-01 4.625698029994964600e-01
5.374755859375000000e-01 4.625244736671447754e-01
5.374140143394470215e-01 4.625859856605529785e-01
5.374625325202941895e-01 4.625374376773834229e-01
5.374127626419067383e-01 4.625872373580932617e-01
5.374170541763305664e-01 4.625829160213470459e-01
5.373995900154113770e-01 4.626004099845886230e-01
5.374299883842468262e-01 4.625699818134307861e-01
5.373409390449523926e-01 4.626590907573699951e-01
5.374250411987304688e-01 4.625749588012695312e-01
5.372104048728942871e-01 4.627895355224609375e-01
5.373998880386352539e-01 4.626001119613647461e-01
5.373582839965820312e-01 4.626416862010955811e-01
5.376263856887817383e-01 4.623736739158630371e-01
5.373908877372741699e-01 4.626090824604034424e-01
5.373882055282592773e-01 4.626118540763854980e-01
5.376172661781311035e-01 4.623827040195465088e-01
5.374372005462646484e-01 4.625628292560577393e-01
5.374939441680908203e-01 4.625060260295867920e-01
5.374963879585266113e-01 4.625035822391510010e-01
5.373893380165100098e-01 4.626106619834899902e-01
5.374059677124023438e-01 4.625940024852752686e-01
5.375975966453552246e-01 4.624023735523223877e-01
5.372516512870788574e-01 4.627483487129211426e-01
5.373229384422302246e-01 4.626770317554473877e-01
5.373653769493103027e-01 4.626345634460449219e-01
5.374032855033874512e-01 4.625968039035797119e-01
5.374680757522583008e-01 4.625319838523864746e-01
5.374515056610107422e-01 4.625484049320220947e-01
5.373736619949340820e-01 4.626263082027435303e-01
5.375075340270996094e-01 4.624924659729003906e-01
5.372936129570007324e-01 4.627064168453216553e-01
5.374773144721984863e-01 4.625226855278015137e-01
5.373890995979309082e-01 4.626109004020690918e-01
5.370688438415527344e-01 4.629311859607696533e-01
5.375136733055114746e-01 4.624862968921661377e-01
5.373134016990661621e-01 4.626865684986114502e-01
5.374680757522583008e-01 4.625319540500640869e-01
5.374336838722229004e-01 4.625662565231323242e-01
5.373676419258117676e-01 4.626322984695434570e-01
5.372801423072814941e-01 4.627198576927185059e-01
5.374945998191833496e-01 4.625054299831390381e-01
5.373849272727966309e-01 4.626150727272033691e-01
5.374043583869934082e-01 4.625956118106842041e-01
5.374499559402465820e-01 4.625500738620758057e-01
5.373623371124267578e-01 4.626375734806060791e-01
5.373849272727966309e-01 4.626150727272033691e-01
5.374000072479248047e-01 4.625999629497528076e-01
5.374532938003540039e-01 4.625467061996459961e-01
5.374097824096679688e-01 4.625902473926544189e-01
5.374767780303955078e-01 4.625231623649597168e-01
5.372297763824462891e-01 4.627701938152313232e-01
5.374481678009033203e-01 4.625518620014190674e-01
5.374388694763183594e-01 4.625610709190368652e-01
5.372900366783142090e-01 4.627100229263305664e-01
5.373964309692382812e-01 4.626035094261169434e-01
5.374706983566284180e-01 4.625292718410491943e-01
5.372802019119262695e-01 4.627198278903961182e-01
5.374934077262878418e-01 4.625065922737121582e-01
5.374987721443176270e-01 4.625012278556823730e-01
5.374388694763183594e-01 4.625611901283264160e-01
5.374255776405334473e-01 4.625744819641113281e-01
5.374266505241394043e-01 4.625733494758605957e-01
5.374193787574768066e-01 4.625806510448455811e-01
5.373049974441528320e-01 4.626950025558471680e-01
5.375069975852966309e-01 4.624930322170257568e-01
5.374552607536315918e-01 4.625447988510131836e-01
5.375161767005920410e-01 4.624838232994079590e-01
5.374667048454284668e-01 4.625332653522491455e-01
5.374199151992797852e-01 4.625800251960754395e-01
5.375570058822631836e-01 4.624430239200592041e-01
5.370551943778991699e-01 4.629448354244232178e-01
5.375608205795288086e-01 4.624391496181488037e-01
5.374416112899780273e-01 4.625583887100219727e-01
5.375254750251770020e-01 4.624745249748229980e-01
5.376005172729492188e-01 4.623994231224060059e-01
5.374966859817504883e-01 4.625032544136047363e-01
5.374727845191955566e-01 4.625272154808044434e-01
5.372380614280700684e-01 4.627619087696075439e-01
5.373746156692504883e-01 4.626253545284271240e-01
5.374538898468017578e-01 4.625460803508758545e-01
5.373594760894775391e-01 4.626404941082000732e-01
5.372310876846313477e-01 4.627688825130462646e-01
5.374340415000915527e-01 4.625659286975860596e-01
5.374786853790283203e-01 4.625212848186492920e-01
5.373502373695373535e-01 4.626497328281402588e-01
5.374280214309692383e-01 4.625719487667083740e-01
5.374879837036132812e-01 4.625120162963867188e-01
5.374106764793395996e-01 4.625893235206604004e-01
5.374766588211059570e-01 4.625232815742492676e-01
5.374398231506347656e-01 4.625602066516876221e-01
5.373931527137756348e-01 4.626068174839019775e-01
5.373767614364624023e-01 4.626232385635375977e-01
5.375318527221679688e-01 4.624681770801544189e-01
5.373218059539794922e-01 4.626781344413757324e-01
5.374295711517333984e-01 4.625703692436218262e-01
5.372969508171081543e-01 4.627030193805694580e-01
5.375854372978210449e-01 4.624145925045013428e-01
5.374528765678405762e-01 4.625471234321594238e-01
5.375975966453552246e-01 4.624023735523223877e-01
5.374292731285095215e-01 4.625706970691680908e-01
5.375297069549560547e-01 4.624703228473663330e-01
5.374542474746704102e-01 4.625457525253295898e-01
5.376662015914916992e-01 4.623337686061859131e-01
5.374923944473266602e-01 4.625076353549957275e-01
5.373229384422302246e-01 4.626770317554473877e-01
5.374810695648193359e-01 4.625189602375030518e-01
5.375372171401977539e-01 4.624628126621246338e-01
5.374611020088195801e-01 4.625388979911804199e-01
5.374025702476501465e-01 4.625973999500274658e-01
5.374110937118530273e-01 4.625888466835021973e-01
5.374304056167602539e-01 4.625695943832397461e-01
5.375145077705383301e-01 4.624855816364288330e-01
5.369523167610168457e-01 4.630476832389831543e-01
5.373749136924743652e-01 4.626250565052032471e-01
5.373163819313049316e-01 4.626836180686950684e-01
5.374023914337158203e-01 4.625976681709289551e-01
5.375227332115173340e-01 4.624772369861602783e-01
5.373876094818115234e-01 4.626123905181884766e-01
5.374828577041625977e-01 4.625171720981597900e-01
5.373824238777160645e-01 4.626175761222839355e-01
5.374705791473388672e-01 4.625293314456939697e-01
5.373944640159606934e-01 4.626055657863616943e-01
5.374633669853210449e-01 4.625366032123565674e-01
5.373749732971191406e-01 4.626249969005584717e-01
5.374379754066467285e-01 4.625620543956756592e-01
5.373768210411071777e-01 4.626231789588928223e-01
5.374484062194824219e-01 4.625515639781951904e-01
5.375456213951110840e-01 4.624543786048889160e-01
5.373515486717224121e-01 4.626484811305999756e-01
5.374209284782409668e-01 4.625789821147918701e-01
5.374209284782409668e-01 4.625790119171142578e-01
5.375663042068481445e-01 4.624336659908294678e-01
5.373984575271606445e-01 4.626015126705169678e-01
5.373629927635192871e-01 4.626370370388031006e-01
5.374079942703247070e-01 4.625920355319976807e-01
5.373886227607727051e-01 4.626114666461944580e-01
5.375084280967712402e-01 4.624916017055511475e-01
5.375620126724243164e-01 4.624380469322204590e-01
5.376172661781311035e-01 4.623827040195465088e-01
5.374214649200439453e-01 4.625785350799560547e-01
5.374705195426940918e-01 4.625294804573059082e-01
5.373356342315673828e-01 4.626643359661102295e-01
5.374055504798889160e-01 4.625945091247558594e-01
5.373598933219909668e-01 4.626401364803314209e-01
5.374360084533691406e-01 4.625639617443084717e-01
5.374264717102050781e-01 4.625735878944396973e-01
5.373976230621337891e-01 4.626023769378662109e-01
5.372600555419921875e-01 4.627399742603302002e-01
5.374196767807006836e-01 4.625803828239440918e-01
5.373793244361877441e-01 4.626207053661346436e-01
5.375509858131408691e-01 4.624489843845367432e-01
5.373896956443786621e-01 4.626103043556213379e-01
5.373561978340148926e-01 4.626438021659851074e-01
5.374109148979187012e-01 4.625890851020812988e-01
5.374416112899780273e-01 4.625583887100219727e-01
5.374699831008911133e-01 4.625300765037536621e-01
5.374215841293334961e-01 4.625784456729888916e-01
5.373958945274353027e-01 4.626040756702423096e-01
5.374575853347778320e-01 4.625424146652221680e-01
5.373834371566772461e-01 4.626165628433227539e-01
5.372261404991149902e-01 4.627738595008850098e-01
5.373327136039733887e-01 4.626672565937042236e-01
5.373516678810119629e-01 4.626483023166656494e-01
5.374312400817871094e-01 4.625687897205352783e-01
5.374702215194702148e-01 4.625298380851745605e-01
5.373861193656921387e-01 4.626139104366302490e-01
5.374895334243774414e-01 4.625104665756225586e-01
5.375361442565917969e-01 4.624638855457305908e-01
5.373303890228271484e-01 4.626696109771728516e-01
5.373552441596984863e-01 4.626446664333343506e-01
5.372297763824462891e-01 4.627701938152313232e-01
5.372726917266845703e-01 4.627272784709930420e-01
5.374532341957092285e-01 4.625467061996459961e-01
5.374755263328552246e-01 4.625244736671447754e-01
5.374176502227783203e-01 4.625823497772216797e-01
5.374404191970825195e-01 4.625595808029174805e-01
5.374070405960083008e-01 4.625929892063140869e-01
5.374355316162109375e-01 4.625644981861114502e-01
5.369988083839416504e-01 4.630011618137359619e-01
5.374532938003540039e-01 4.625466465950012207e-01
5.373811721801757812e-01 4.626187980175018311e-01
5.374450683593750000e-01 4.625549912452697754e-01
5.374033451080322266e-01 4.625966846942901611e-01
5.374160408973693848e-01 4.625838696956634521e-01
5.373134016990661621e-01 4.626865684986114502e-01
5.374060273170471191e-01 4.625939428806304932e-01
5.373958349227905273e-01 4.626041352748870850e-01
5.373302102088928223e-01 4.626697599887847900e-01
5.373854041099548340e-01 4.626145958900451660e-01
5.375449657440185547e-01 4.624550342559814453e-01
5.374962091445922852e-01 4.625038206577301025e-01
5.374421477317810059e-01 4.625578820705413818e-01
5.375313758850097656e-01 4.624685943126678467e-01
5.373705029487609863e-01 4.626295268535614014e-01
5.369738340377807617e-01 4.630261659622192383e-01
5.372944474220275879e-01 4.627056121826171875e-01
5.374002456665039062e-01 4.625997245311737061e-01
5.376766920089721680e-01 4.623233079910278320e-01
5.375214219093322754e-01 4.624785184860229492e-01
5.374263525009155273e-01 4.625736176967620850e-01
5.372706651687622070e-01 4.627293348312377930e-01
5.374739766120910645e-01 4.625260233879089355e-01
5.373919010162353516e-01 4.626081287860870361e-01
5.374532938003540039e-01 4.625466465950012207e-01
5.374009013175964355e-01 4.625991284847259521e-01
5.370165705680847168e-01 4.629834592342376709e-01
5.372911691665649414e-01 4.627087712287902832e-01
5.374025702476501465e-01 4.625973999500274658e-01
5.374056100845336914e-01 4.625943899154663086e-01
5.373622179031372070e-01 4.626377522945404053e-01
5.372906923294067383e-01 4.627092480659484863e-01
5.375419259071350098e-01 4.624580442905426025e-01
5.374051928520202637e-01 4.625947773456573486e-01
5.374234914779663086e-01 4.625765383243560791e-01
5.372334718704223633e-01 4.627665877342224121e-01
5.374372601509094238e-01 4.625627696514129639e-01
5.374310612678527832e-01 4.625688791275024414e-01
5.375154018402099609e-01 4.624846279621124268e-01
5.372971892356872559e-01 4.627028107643127441e-01
5.374401211738586426e-01 4.625598788261413574e-01
5.374584794044494629e-01 4.625414907932281494e-01
5.374131202697753906e-01 4.625869095325469971e-01
5.374287366867065430e-01 4.625712931156158447e-01
5.374619364738464355e-01 4.625380635261535645e-01
5.374048948287963867e-01 4.625951349735260010e-01
5.375105142593383789e-01 4.624895453453063965e-01
5.374388098716735840e-01 4.625612199306488037e-01
5.373603105545043945e-01 4.626397192478179932e-01
5.374692082405090332e-01 4.625308215618133545e-01
5.373795628547668457e-01 4.626204073429107666e-01
5.374056100845336914e-01 4.625944197177886963e-01
5.374801754951477051e-01 4.625198543071746826e-01
5.373580455780029297e-01 4.626419544219970703e-01
5.373849868774414062e-01 4.626149535179138184e-01
5.375279188156127930e-01 4.624720811843872070e-01
5.374532938003540039e-01 4.625467061996459961e-01
5.374576449394226074e-01 4.625423252582550049e-01
5.374079942703247070e-01 4.625919759273529053e-01
5.374321341514587402e-01 4.625678956508636475e-01
5.373777747154235840e-01 4.626221656799316406e-01
5.374810695648193359e-01 4.625189602375030518e-01
5.375173687934875488e-01 4.624826014041900635e-01
5.374123454093933105e-01 4.625876545906066895e-01
5.373777151107788086e-01 4.626222848892211914e-01
5.373336076736450195e-01 4.626664519309997559e-01
5.374593734741210938e-01 4.625405967235565186e-01
5.374750494956970215e-01 4.625249505043029785e-01
5.374507308006286621e-01 4.625493288040161133e-01
5.374746322631835938e-01 4.625253677368164062e-01
5.373497009277343750e-01 4.626502990722656250e-01
5.373038649559020996e-01 4.626961052417755127e-01
5.374199748039245605e-01 4.625799953937530518e-01
5.372923612594604492e-01 4.627076387405395508e-01
5.374514460563659668e-01 4.625485241413116455e-01
5.374431014060974121e-01 4.625568985939025879e-01
5.374390482902526855e-01 4.625609219074249268e-01
5.377177596092224121e-01 4.622822701930999756e-01
5.374053120613098145e-01 4.625947177410125732e-01
5.374336838722229004e-01 4.625662565231323242e-01
5.376966595649719238e-01 4.623032808303833008e-01
5.375663042068481445e-01 4.624336659908294678e-01
5.375140309333801270e-01 4.624860584735870361e-01
5.374745130538940430e-01 4.625254273414611816e-01
5.373425483703613281e-01 4.626575112342834473e-01
5.373746156692504883e-01 4.626253545284271240e-01
5.374326705932617188e-01 4.625673592090606689e-01
5.376920700073242188e-01 4.623079597949981689e-01
5.374304652214050293e-01 4.625695347785949707e-01
5.374439954757690430e-01 4.625559449195861816e-01
5.374730825424194336e-01 4.625269174575805664e-01
5.374421477317810059e-01 4.625578820705413818e-01
5.373673439025878906e-01 4.626326262950897217e-01
5.373709797859191895e-01 4.626289904117584229e-01
5.373640060424804688e-01 4.626360535621643066e-01
5.374594926834106445e-01 4.625404179096221924e-01
5.373835563659667969e-01 4.626164436340332031e-01
5.375234484672546387e-01 4.624765813350677490e-01
5.373201966285705566e-01 4.626798033714294434e-01
5.373125672340393066e-01 4.626873731613159180e-01
5.375764369964599609e-01 4.624236226081848145e-01
5.375806093215942383e-01 4.624193906784057617e-01
5.370146632194519043e-01 4.629853963851928711e-01
5.372966527938842773e-01 4.627033472061157227e-01
5.374404191970825195e-01 4.625596106052398682e-01
5.373890995979309082e-01 4.626108705997467041e-01
5.374131202697753906e-01 4.625869095325469971e-01
5.374786853790283203e-01 4.625212848186492920e-01
5.374987721443176270e-01 4.625012874603271484e-01
5.373906493186950684e-01 4.626093208789825439e-01
5.375106334686279297e-01 4.624893069267272949e-01
5.373921990394592285e-01 4.626077711582183838e-01
5.373870730400085449e-01 4.626129865646362305e-01
5.374494194984436035e-01 4.625506401062011719e-01
5.372684597969055176e-01 4.627315700054168701e-01
5.374037623405456543e-01 4.625962674617767334e-01
5.374239683151245117e-01 4.625760316848754883e-01
5.373999476432800293e-01 4.626000523567199707e-01
5.373204350471496582e-01 4.626795649528503418e-01
5.372297763824462891e-01 4.627701938152313232e-01
5.374127626419067383e-01 4.625872373580932617e-01
5.372906923294067383e-01 4.627092480659484863e-01
5.374246835708618164e-01 4.625753760337829590e-01
5.372845530509948730e-01 4.627153873443603516e-01
5.373793244361877441e-01 4.626207649707794189e-01
5.374295711517333984e-01 4.625703990459442139e-01
5.370598435401916504e-01 4.629401862621307373e-01
5.373229384422302246e-01 4.626771211624145508e-01
5.373466610908508301e-01 4.626533687114715576e-01
5.374794006347656250e-01 4.625205993652343750e-01
5.375421643257141113e-01 4.624578058719635010e-01
5.376800894737243652e-01 4.623199701309204102e-01
5.374631881713867188e-01 4.625368118286132812e-01
5.374950170516967773e-01 4.625050127506256104e-01
5.374895334243774414e-01 4.625104665756225586e-01
5.374033451080322266e-01 4.625966250896453857e-01
5.375154614448547363e-01 4.624845087528228760e-01
5.372576713562011719e-01 4.627422988414764404e-01
5.373356342315673828e-01 4.626643359661102295e-01
5.375742316246032715e-01 4.624257981777191162e-01
5.374663472175598145e-01 4.625337123870849609e-01
5.372397899627685547e-01 4.627602398395538330e-01
5.374393463134765625e-01 4.625606536865234375e-01
5.373536944389343262e-01 4.626463055610656738e-01
5.373853445053100586e-01 4.626146554946899414e-01
5.374208688735961914e-01 4.625791013240814209e-01
5.374035239219665527e-01 4.625964462757110596e-01
5.373903512954711914e-01 4.626096487045288086e-01
5.375361442565917969e-01 4.624638855457305908e-01
5.372931957244873047e-01 4.627068638801574707e-01
5.373886227607727051e-01 4.626114368438720703e-01
5.375050306320190430e-01 4.624949395656585693e-01
5.373866558074951172e-01 4.626134037971496582e-01
5.374065041542053223e-01 4.625935554504394531e-01
5.373737215995788574e-01 4.626263082027435303e-01
5.374923348426818848e-01 4.625076651573181152e-01
5.373768806457519531e-01 4.626231491565704346e-01
5.374035835266113281e-01 4.625963568687438965e-01
5.374658107757568359e-01 4.625342190265655518e-01
5.374612212181091309e-01 4.625387489795684814e-01
5.374449491500854492e-01 4.625551104545593262e-01
5.374281406402587891e-01 4.625718295574188232e-01
5.374202132225036621e-01 4.625798165798187256e-01
5.374995470046997070e-01 4.625003933906555176e-01
5.373195409774780273e-01 4.626804888248443604e-01
5.373033881187438965e-01 4.626966416835784912e-01
5.374363660812377930e-01 4.625636041164398193e-01
5.374553799629211426e-01 4.625446498394012451e-01
5.375078320503234863e-01 4.624921679496765137e-01
5.373844504356384277e-01 4.626154899597167969e-01
5.374060869216918945e-01 4.625938832759857178e-01
5.372684597969055176e-01 4.627315700054168701e-01
5.375742316246032715e-01 4.624257981777191162e-01
5.374010801315307617e-01 4.625989794731140137e-01
5.373002290725708008e-01 4.626997709274291992e-01
5.374904870986938477e-01 4.625095129013061523e-01
5.374277234077453613e-01 4.625722467899322510e-01
5.373939871788024902e-01 4.626060426235198975e-01
5.373800396919250488e-01 4.626199305057525635e-01
5.374102592468261719e-01 4.625896513462066650e-01
5.374449491500854492e-01 4.625551402568817139e-01
5.374193787574768066e-01 4.625806510448455811e-01
5.374786257743835449e-01 4.625213742256164551e-01
5.373037457466125488e-01 4.626962542533874512e-01
5.374110937118530273e-01 4.625888466835021973e-01
5.369738340377807617e-01 4.630261659622192383e-01
5.375025272369384766e-01 4.624974727630615234e-01
5.373116135597229004e-01 4.626883864402770996e-01
5.374218225479125977e-01 4.625781178474426270e-01
5.374326109886169434e-01 4.625674486160278320e-01
5.374382138252258301e-01 4.625617861747741699e-01
5.374054908752441406e-01 4.625945687294006348e-01
5.374639034271240234e-01 4.625361263751983643e-01
5.373591780662536621e-01 4.626408517360687256e-01
5.373971462249755859e-01 4.626028239727020264e-01
5.373197793960571289e-01 4.626802802085876465e-01
5.376418232917785645e-01 4.623582065105438232e-01
5.374675393104553223e-01 4.625325202941894531e-01
5.375447869300842285e-01 4.624552726745605469e-01
5.373145341873168945e-01 4.626855254173278809e-01
5.374655723571777344e-01 4.625344872474670410e-01
5.375377535820007324e-01 4.624622464179992676e-01
5.372802019119262695e-01 4.627198278903961182e-01
5.373835563659667969e-01 4.626164436340332031e-01
5.373784899711608887e-01 4.626215398311614990e-01
5.373222827911376953e-01 4.626777470111846924e-01
5.374168157577514648e-01 4.625832438468933105e-01
5.373736619949340820e-01 4.626263082027435303e-01
5.375151038169860840e-01 4.624849259853363037e-01
5.375041365623474121e-01 4.624958038330078125e-01
5.374230742454528809e-01 4.625768959522247314e-01
5.374426245689392090e-01 4.625573456287384033e-01
5.373884439468383789e-01 4.626115262508392334e-01
5.373682975769042969e-01 4.626317620277404785e-01
5.374239683151245117e-01 4.625759720802307129e-01
5.374624729156494141e-01 4.625375568866729736e-01
5.374987721443176270e-01 4.625012278556823730e-01
5.375225543975830078e-01 4.624774754047393799e-01
5.375867486000061035e-01 4.624133110046386719e-01
5.373229384422302246e-01 4.626770317554473877e-01
5.373187661170959473e-01 4.626812040805816650e-01
5.373769998550415039e-01 4.626230001449584961e-01
5.374078154563903809e-01 4.625921547412872314e-01
5.374895334243774414e-01 4.625104665756225586e-01
5.374906659126281738e-01 4.625093936920166016e-01
5.373037457466125488e-01 4.626962542533874512e-01
5.374224185943603516e-01 4.625776112079620361e-01
5.372380018234252930e-01 4.627620279788970947e-01
5.373567342758178711e-01 4.626432955265045166e-01
5.375561714172363281e-01 4.624437987804412842e-01
5.373436212539672852e-01 4.626563787460327148e-01
5.373853445053100586e-01 4.626146554946899414e-01
5.374665260314941406e-01 4.625334441661834717e-01
5.373647809028625488e-01 4.626351594924926758e-01
5.375282168388366699e-01 4.624718129634857178e-01
5.374828577041625977e-01 4.625171124935150146e-01
5.374642014503479004e-01 4.625357985496520996e-01
5.374363660812377930e-01 4.625636041164398193e-01
5.374680757522583008e-01 4.625319838523864746e-01
5.374035835266113281e-01 4.625963866710662842e-01
5.375145077705383301e-01 4.624855816364288330e-01
5.373849272727966309e-01 4.626150727272033691e-01
5.375670194625854492e-01 4.624329209327697754e-01
5.372981429100036621e-01 4.627017974853515625e-01
5.374126434326171875e-01 4.625873565673828125e-01
5.374066829681396484e-01 4.625932574272155762e-01
5.374886989593505859e-01 4.625113010406494141e-01
5.373325943946838379e-01 4.626674056053161621e-01
5.374163985252380371e-01 4.625835418701171875e-01
5.374132990837097168e-01 4.625867307186126709e-01
5.374805927276611328e-01 4.625193774700164795e-01
5.374714136123657227e-01 4.625285863876342773e-01
5.375120043754577637e-01 4.624879956245422363e-01
5.370048284530639648e-01 4.629951715469360352e-01
5.375885963439941406e-01 4.624113440513610840e-01
5.373869538307189941e-01 4.626131057739257812e-01
5.374374389648437500e-01 4.625625610351562500e-01
5.374197959899902344e-01 4.625802338123321533e-01
5.374184846878051758e-01 4.625814855098724365e-01
5.372737646102905273e-01 4.627262651920318604e-01
5.369888544082641602e-01 4.630111455917358398e-01
5.373513698577880859e-01 4.626486003398895264e-01
5.374639034271240234e-01 4.625361263751983643e-01
5.374491810798645020e-01 4.625508785247802734e-01
5.374348163604736328e-01 4.625651538372039795e-01
5.375224947929382324e-01 4.624775350093841553e-01
5.372670888900756836e-01 4.627328515052795410e-01
5.374333262443542480e-01 4.625667035579681396e-01
5.373575091361999512e-01 4.626424908638000488e-01
5.373710989952087402e-01 4.626289308071136475e-01
5.373655557632446289e-01 4.626345038414001465e-01
5.372937321662902832e-01 4.627062678337097168e-01
5.374027490615844727e-01 4.625972509384155273e-01
5.373623371124267578e-01 4.626375734806060791e-01
5.375291109085083008e-01 4.624709486961364746e-01
5.373975634574890137e-01 4.626024663448333740e-01
5.374614000320434570e-01 4.625386595726013184e-01
5.370165705680847168e-01 4.629834592342376709e-01
5.373877882957458496e-01 4.626122415065765381e-01
5.374607443809509277e-01 4.625392258167266846e-01
5.375081896781921387e-01 4.624918103218078613e-01
5.374556183815002441e-01 4.625443518161773682e-01
5.373563766479492188e-01 4.626436531543731689e-01
5.372119545936584473e-01 4.627880156040191650e-01
5.374764800071716309e-01 4.625234901905059814e-01
5.374178290367126465e-01 4.625821113586425781e-01
5.374101400375366211e-01 4.625898599624633789e-01
5.375198721885681152e-01 4.624801874160766602e-01
5.373788475990295410e-01 4.626211524009704590e-01
5.374493002891540527e-01 4.625506401062011719e-01
5.374991893768310547e-01 4.625007808208465576e-01
5.374039411544799805e-01 4.625960588455200195e-01
5.374909043312072754e-01 4.625090658664703369e-01
5.375103354454040527e-01 4.624896049499511719e-01
5.374681949615478516e-01 4.625317752361297607e-01
5.374242067337036133e-01 4.625757932662963867e-01
5.373799800872802734e-01 4.626199603080749512e-01
5.372971892356872559e-01 4.627028107643127441e-01
5.374282002449035645e-01 4.625717699527740479e-01
5.374827384948730469e-01 4.625172019004821777e-01
5.374441146850585938e-01 4.625559449195861816e-01
5.374035835266113281e-01 4.625963866710662842e-01
5.374244451522827148e-01 4.625755548477172852e-01
5.373390316963195801e-01 4.626609086990356445e-01
5.373456478118896484e-01 4.626543223857879639e-01
5.373790860176086426e-01 4.626209139823913574e-01
5.374916791915893555e-01 4.625083804130554199e-01
5.374123454093933105e-01 4.625876247882843018e-01
5.375406742095947266e-01 4.624593555927276611e-01
5.374097824096679688e-01 4.625902473926544189e-01
5.374665260314941406e-01 4.625334441661834717e-01
5.375677943229675293e-01 4.624322354793548584e-01
5.370140075683593750e-01 4.629860222339630127e-01
5.375165343284606934e-01 4.624834954738616943e-01
5.374067425727844238e-01 4.625932574272155762e-01
5.373883843421936035e-01 4.626115858554840088e-01
5.374465584754943848e-01 4.625534117221832275e-01
5.374748110771179199e-01 4.625251889228820801e-01
5.374509096145629883e-01 4.625490903854370117e-01
5.374758839607238770e-01 4.625240564346313477e-01
5.374931097030639648e-01 4.625068902969360352e-01
5.374179482460021973e-01 4.625820815563201904e-01
5.374146103858947754e-01 4.625853300094604492e-01
5.374691486358642578e-01 4.625308811664581299e-01
5.374330878257751465e-01 4.625669121742248535e-01
5.374674797058105469e-01 4.625325202941894531e-01
5.373847484588623047e-01 4.626152217388153076e-01
5.373746752738952637e-01 4.626252949237823486e-01
5.374873280525207520e-01 4.625126421451568604e-01
5.374148488044738770e-01 4.625851809978485107e-01
5.373939871788024902e-01 4.626059830188751221e-01
5.373521447181701660e-01 4.626478254795074463e-01
5.374202728271484375e-01 4.625796675682067871e-01
5.373694896697998047e-01 4.626305103302001953e-01
5.376249551773071289e-01 4.623750150203704834e-01
5.373766422271728516e-01 4.626233577728271484e-01
5.374367237091064453e-01 4.625632762908935547e-01
5.374427437782287598e-01 4.625572562217712402e-01
5.374330878257751465e-01 4.625668823719024658e-01
5.374385118484497070e-01 4.625615179538726807e-01
5.375173687934875488e-01 4.624826014041900635e-01
5.373847484588623047e-01 4.626152217388153076e-01
5.374880433082580566e-01 4.625120162963867188e-01
5.370398759841918945e-01 4.629601240158081055e-01
5.373557209968566895e-01 4.626442790031433105e-01
5.375222563743591309e-01 4.624777436256408691e-01
5.376874804496765137e-01 4.623124301433563232e-01
5.373736619949340820e-01 4.626263082027435303e-01
5.374190807342529297e-01 4.625808596611022949e-01
5.374956130981445312e-01 4.625044167041778564e-01
5.374348759651184082e-01 4.625651538372039795e-01
5.374345183372497559e-01 4.625655114650726318e-01
5.373826622962951660e-01 4.626173973083496094e-01
5.374323129653930664e-01 4.625677466392517090e-01
5.374999642372131348e-01 4.625000059604644775e-01
5.372949242591857910e-01 4.627050757408142090e-01
5.374553799629211426e-01 4.625446498394012451e-01
5.372104048728942871e-01 4.627895355224609375e-01
5.374026894569396973e-01 4.625973403453826904e-01
5.376184582710266113e-01 4.623815417289733887e-01
5.376874804496765137e-01 4.623124301433563232e-01
5.375681519508361816e-01 4.624318778514862061e-01
5.373097062110900879e-01 4.626903235912322998e-01
5.369380712509155273e-01 4.630619287490844727e-01
5.374035239219665527e-01 4.625965058803558350e-01
5.374127626419067383e-01 4.625872373580932617e-01
5.374957323074340820e-01 4.625042974948883057e-01
5.373835563659667969e-01 4.626164436340332031e-01
5.374571084976196289e-01 4.625428915023803711e-01
5.374972224235534668e-01 4.625028371810913086e-01
5.374895930290222168e-01 4.625103473663330078e-01
5.374845862388610840e-01 4.625153839588165283e-01
5.373817086219787598e-01 4.626182913780212402e-01
5.373866558074951172e-01 4.626134037971496582e-01
5.370551943778991699e-01 4.629448354244232178e-01
5.373898744583129883e-01 4.626100957393646240e-01
5.374981164932250977e-01 4.625019729137420654e-01
5.375367403030395508e-01 4.624632596969604492e-01
5.373390913009643555e-01 4.626609385013580322e-01
5.373762845993041992e-01 4.626237452030181885e-01
5.374388694763183594e-01 4.625611305236816406e-01
5.374538302421569824e-01 4.625462293624877930e-01
5.374388694763183594e-01 4.625611305236816406e-01
5.374906659126281738e-01 4.625093042850494385e-01
5.376041531562805176e-01 4.623958468437194824e-01
5.377559065818786621e-01 4.622441232204437256e-01
5.372944474220275879e-01 4.627056121826171875e-01
5.374201536178588867e-01 4.625798165798187256e-01
5.375742316246032715e-01 4.624257981777191162e-01
5.375134944915771484e-01 4.624864459037780762e-01
5.375701785087585449e-01 4.624298810958862305e-01
5.374032855033874512e-01 4.625968039035797119e-01
5.374100208282470703e-01 4.625900089740753174e-01
5.373991131782531738e-01 4.626008868217468262e-01
5.373744368553161621e-01 4.626256227493286133e-01
5.374320745468139648e-01 4.625679254531860352e-01
5.373972058296203613e-01 4.626027345657348633e-01
5.377559065818786621e-01 4.622441232204437256e-01
5.374374389648437500e-01 4.625625610351562500e-01
5.375019907951354980e-01 4.624979197978973389e-01
5.374538898468017578e-01 4.625460803508758545e-01
5.374053120613098145e-01 4.625947177410125732e-01
5.374579429626464844e-01 4.625419974327087402e-01
5.374036431312561035e-01 4.625963568687438965e-01
5.373334288597106934e-01 4.626665413379669189e-01
5.374828577041625977e-01 4.625171124935150146e-01
5.374791026115417480e-01 4.625208973884582520e-01
5.373750925064086914e-01 4.626248776912689209e-01
5.372688770294189453e-01 4.627310931682586670e-01
5.376132726669311523e-01 4.623867273330688477e-01
5.374571084976196289e-01 4.625428915023803711e-01
5.373923182487487793e-01 4.626077115535736084e-01
5.374585390090942383e-01 4.625414609909057617e-01
5.373693108558654785e-01 4.626307487487792969e-01
5.374583601951599121e-01 4.625416100025177002e-01
5.374301075935363770e-01 4.625699222087860107e-01
5.373229384422302246e-01 4.626771211624145508e-01
5.373634696006774902e-01 4.626365602016448975e-01
5.374924540519714355e-01 4.625075459480285645e-01
5.374966859817504883e-01 4.625032544136047363e-01
5.374694466590881348e-01 4.625305235385894775e-01
5.374951958656311035e-01 4.625048339366912842e-01
5.373998284339904785e-01 4.626001715660095215e-01
5.373802185058593750e-01 4.626197814941406250e-01
5.373926758766174316e-01 4.626072943210601807e-01
5.373427271842956543e-01 4.626573026180267334e-01
5.374727845191955566e-01 4.625272154808044434e-01
5.375608205795288086e-01 4.624391496181488037e-01
5.373628735542297363e-01 4.626371562480926514e-01
5.372865796089172363e-01 4.627133607864379883e-01
5.374677777290344238e-01 4.625321626663208008e-01
5.374155640602111816e-01 4.625844359397888184e-01
5.374863743782043457e-01 4.625136554241180420e-01
5.374950170516967773e-01 4.625050127506256104e-01
5.373678803443908691e-01 4.626321494579315186e-01
5.374208092689514160e-01 4.625792205333709717e-01
5.374699831008911133e-01 4.625300765037536621e-01
5.373261570930480957e-01 4.626738131046295166e-01
5.375120639801025391e-01 4.624879062175750732e-01
5.374712944030761719e-01 4.625286757946014404e-01
5.374298691749572754e-01 4.625701308250427246e-01
5.373436212539672852e-01 4.626563787460327148e-01
5.374393463134765625e-01 4.625606536865234375e-01
5.373825430870056152e-01 4.626174867153167725e-01
5.374832153320312500e-01 4.625168144702911377e-01
5.374904870986938477e-01 4.625095129013061523e-01
5.375071763992309570e-01 4.624928236007690430e-01
5.373931527137756348e-01 4.626068770885467529e-01
5.373932123184204102e-01 4.626067876815795898e-01
5.373852252960205078e-01 4.626147150993347168e-01
5.374179482460021973e-01 4.625821113586425781e-01
5.373820662498474121e-01 4.626179635524749756e-01
5.374988913536071777e-01 4.625011384487152100e-01
5.374000072479248047e-01 4.625999927520751953e-01
5.373462438583374023e-01 4.626538157463073730e-01
5.373193621635437012e-01 4.626806974411010742e-01
5.373395085334777832e-01 4.626604914665222168e-01
5.373523831367492676e-01 4.626476466655731201e-01
5.377264618873596191e-01 4.622735083103179932e-01
5.374681353569030762e-01 4.625318944454193115e-01
5.374500751495361328e-01 4.625498950481414795e-01
5.373709201812744141e-01 4.626290500164031982e-01
5.374050736427307129e-01 4.625949263572692871e-01
5.374585986137390137e-01 4.625413119792938232e-01
5.374388694763183594e-01 4.625611901283264160e-01
5.373858809471130371e-01 4.626141190528869629e-01
5.373532176017761230e-01 4.626467525959014893e-01
5.374889373779296875e-01 4.625111222267150879e-01
5.375459194183349609e-01 4.624541401863098145e-01
5.373860001564025879e-01 4.626140296459197998e-01
5.374125838279724121e-01 4.625874757766723633e-01
5.374025106430053711e-01 4.625974595546722412e-01
5.375034213066101074e-01 4.624966382980346680e-01
5.375106334686279297e-01 4.624893069267272949e-01
5.374532938003540039e-01 4.625466465950012207e-01
5.373663902282714844e-01 4.626336097717285156e-01
5.374375581741333008e-01 4.625623822212219238e-01
5.374982357025146484e-01 4.625017344951629639e-01
5.374386906623840332e-01 4.625613093376159668e-01
5.374619364738464355e-01 4.625380635261535645e-01
5.373572707176208496e-01 4.626427292823791504e-01
5.373666286468505859e-01 4.626334011554718018e-01
5.374026894569396973e-01 4.625972807407379150e-01
5.374207496643066406e-01 4.625792503356933594e-01
5.374619364738464355e-01 4.625380635261535645e-01
5.373840332031250000e-01 4.626159071922302246e-01
5.373362898826599121e-01 4.626637101173400879e-01
5.373427271842956543e-01 4.626573026180267334e-01
5.374221801757812500e-01 4.625778496265411377e-01
5.374338030815124512e-01 4.625661969184875488e-01
5.373915433883666992e-01 4.626084268093109131e-01
5.374553799629211426e-01 4.625446498394012451e-01
5.372906923294067383e-01 4.627092480659484863e-01
5.373719334602355957e-01 4.626280665397644043e-01
5.374494791030883789e-01 4.625504910945892334e-01
5.374624133110046387e-01 4.625376164913177490e-01
5.373432040214538574e-01 4.626567959785461426e-01
5.375179052352905273e-01 4.624820053577423096e-01
5.375047922134399414e-01 4.624952375888824463e-01
5.370119214057922363e-01 4.629881680011749268e-01
5.374015569686889648e-01 4.625984728336334229e-01
5.372682213783264160e-01 4.627318680286407471e-01
5.374364256858825684e-01 4.625636041164398193e-01
5.373829603195190430e-01 4.626170992851257324e-01
5.377339124679565430e-01 4.622660875320434570e-01
5.375036597251892090e-01 4.624963104724884033e-01
5.374879837036132812e-01 4.625120759010314941e-01
5.374460816383361816e-01 4.625538885593414307e-01
5.374334454536437988e-01 4.625666141510009766e-01
5.374472141265869141e-01 4.625527858734130859e-01
5.373281240463256836e-01 4.626718163490295410e-01
5.375289916992187500e-01 4.624709486961364746e-01
5.374133586883544922e-01 4.625866711139678955e-01
5.373862385749816895e-01 4.626137316226959229e-01
5.375512838363647461e-01 4.624487459659576416e-01
5.374040007591247559e-01 4.625959694385528564e-01
5.373523831367492676e-01 4.626475870609283447e-01
5.372865796089172363e-01 4.627133607864379883e-01
5.373812317848205566e-01 4.626187682151794434e-01
5.372865200042724609e-01 4.627134501934051514e-01
5.373076200485229492e-01 4.626923203468322754e-01
5.374404191970825195e-01 4.625596106052398682e-01
5.373344421386718750e-01 4.626656174659729004e-01
5.374401211738586426e-01 4.625598788261413574e-01
5.374353528022766113e-01 4.625646471977233887e-01
5.374599099159240723e-01 4.625401198863983154e-01
5.373735427856445312e-01 4.626265466213226318e-01
5.373671650886535645e-01 4.626328051090240479e-01
5.373770594596862793e-01 4.626229405403137207e-01
5.374067425727844238e-01 4.625932574272155762e-01
5.374190211296081543e-01 4.625810086727142334e-01
5.373675227165222168e-01 4.626324772834777832e-01
5.374962091445922852e-01 4.625038206577301025e-01
5.375810265541076660e-01 4.624189436435699463e-01
5.374048352241516113e-01 4.625951647758483887e-01
5.374541282653808594e-01 4.625459015369415283e-01
5.374139547348022461e-01 4.625860750675201416e-01
5.373975634574890137e-01 4.626024663448333740e-01
5.374680757522583008e-01 4.625319838523864746e-01
5.375503301620483398e-01 4.624496400356292725e-01
5.375216603279113770e-01 4.624783694744110107e-01
5.374298691749572754e-01 4.625701308250427246e-01
5.373898148536682129e-01 4.626101255416870117e-01
5.373835563659667969e-01 4.626164436340332031e-01
5.374203920364379883e-01 4.625796377658843994e-01
5.373436808586120605e-01 4.626562595367431641e-01
5.374144911766052246e-01 4.625855386257171631e-01
5.375382900238037109e-01 4.624617099761962891e-01
5.374712944030761719e-01 4.625286757946014404e-01
5.373511910438537598e-01 4.626488089561462402e-01
5.374031662940979004e-01 4.625968337059020996e-01
5.373911857604980469e-01 4.626088440418243408e-01
5.373762845993041992e-01 4.626237452030181885e-01
5.374176502227783203e-01 4.625823497772216797e-01
5.374206900596618652e-01 4.625793099403381348e-01
5.374614596366882324e-01 4.625385999679565430e-01
5.374867320060729980e-01 4.625132977962493896e-01
5.374592542648315430e-01 4.625408053398132324e-01
5.375136733055114746e-01 4.624862968921661377e-01
5.373436212539672852e-01 4.626563787460327148e-01
5.373915433883666992e-01 4.626084268093109131e-01
5.374546051025390625e-01 4.625453352928161621e-01
5.374461412429809570e-01 4.625537991523742676e-01
5.374385714530944824e-01 4.625613987445831299e-01
5.375207662582397461e-01 4.624792337417602539e-01
5.373898148536682129e-01 4.626101255416870117e-01
5.375097393989562988e-01 4.624902606010437012e-01
5.376393795013427734e-01 4.623605906963348389e-01
5.372633337974548340e-01 4.627366662025451660e-01
5.373866558074951172e-01 4.626134037971496582e-01
5.374263525009155273e-01 4.625736176967620850e-01
5.375695824623107910e-01 4.624303877353668213e-01
5.373209118843078613e-01 4.626790285110473633e-01
5.374897718429565430e-01 4.625102281570434570e-01
5.374614000320434570e-01 4.625385999679565430e-01
5.373526215553283691e-01 4.626473784446716309e-01
5.373546481132507324e-01 4.626453220844268799e-01
5.374148488044738770e-01 4.625851809978485107e-01
5.374326705932617188e-01 4.625673592090606689e-01
5.373420119285583496e-01 4.626580178737640381e-01
5.373969078063964844e-01 4.626031219959259033e-01
5.373535752296447754e-01 4.626463949680328369e-01
5.373877882957458496e-01 4.626122117042541504e-01
5.375632643699645996e-01 4.624367058277130127e-01
5.372080802917480469e-01 4.627919793128967285e-01
5.374067425727844238e-01 4.625932574272155762e-01
5.373485684394836426e-01 4.626513719558715820e-01
5.374026894569396973e-01 4.625972509384155273e-01
5.374584197998046875e-01 4.625416100025177002e-01
5.374132394790649414e-01 4.625867307186126709e-01
5.372801423072814941e-01 4.627198576927185059e-01
5.373954176902770996e-01 4.626045227050781250e-01
5.374986529350280762e-01 4.625013768672943115e-01
5.373339653015136719e-01 4.626660346984863281e-01
5.377524495124816895e-01 4.622475206851959229e-01
5.373784303665161133e-01 4.626216590404510498e-01
5.372949242591857910e-01 4.627050757408142090e-01
5.373831987380981445e-01 4.626167416572570801e-01
5.375418663024902344e-01 4.624581336975097656e-01
5.374764204025268555e-01 4.625236690044403076e-01
5.374573469161987305e-01 4.625426530838012695e-01
5.374507308006286621e-01 4.625493288040161133e-01
5.374199151992797852e-01 4.625801146030426025e-01
5.375365018844604492e-01 4.624634087085723877e-01
5.373784899711608887e-01 4.626215696334838867e-01
5.373631715774536133e-01 4.626367688179016113e-01
5.375526547431945801e-01 4.624473452568054199e-01
5.374051928520202637e-01 4.625947773456573486e-01
5.373935699462890625e-01 4.626064598560333252e-01
5.373798012733459473e-01 4.626202285289764404e-01
5.374445915222167969e-01 4.625553786754608154e-01
5.375608205795288086e-01 4.624391496181488037e-01
5.374372005462646484e-01 4.625628292560577393e-01
5.373861193656921387e-01 4.626139104366302490e-01
5.374611616134643555e-01 4.625388681888580322e-01
5.374795794486999512e-01 4.625204205513000488e-01
5.375159978866577148e-01 4.624840319156646729e-01
5.373455286026000977e-01 4.626544713973999023e-01
5.374923944473266602e-01 4.625076353549957275e-01
5.374108552932739258e-01 4.625891149044036865e-01
5.373615622520446777e-01 4.626384079456329346e-01
5.374498367309570312e-01 4.625501930713653564e-01
5.374970436096191406e-01 4.625029861927032471e-01
5.374546647071838379e-01 4.625453352928161621e-01
5.375173687934875488e-01 4.624826014041900635e-01
5.374787449836730957e-01 4.625212252140045166e-01
5.373584628105163574e-01 4.626415073871612549e-01
5.374104976654052734e-01 4.625894725322723389e-01
5.372375249862670898e-01 4.627625048160552979e-01
5.372179746627807617e-01 4.627820551395416260e-01
5.374250411987304688e-01 4.625749289989471436e-01
5.373728871345520020e-01 4.626270532608032227e-01
5.373390316963195801e-01 4.626609086990356445e-01
5.375582575798034668e-01 4.624417722225189209e-01
5.374454855918884277e-01 4.625545740127563477e-01
5.375077128410339355e-01 4.624923169612884521e-01
5.374634861946105957e-01 4.625365138053894043e-01
5.374121665954589844e-01 4.625878334045410156e-01
5.374677181243896484e-01 4.625322520732879639e-01
5.374009013175964355e-01 4.625991284847259521e-01
5.372343659400939941e-01 4.627656042575836182e-01
5.374116301536560059e-01 4.625883698463439941e-01
5.374950170516967773e-01 4.625050127506256104e-01
5.374575853347778320e-01 4.625424146652221680e-01
5.373923778533935547e-01 4.626076221466064453e-01
5.374063253402709961e-01 4.625936746597290039e-01
5.373207926750183105e-01 4.626791477203369141e-01
5.373984575271606445e-01 4.626016020774841309e-01
5.374738574028015137e-01 4.625262022018432617e-01
5.375933051109313965e-01 4.624066352844238281e-01
5.374184250831604004e-01 4.625815451145172119e-01
5.374712944030761719e-01 4.625286757946014404e-01
5.374068617820739746e-01 4.625931084156036377e-01
5.375199317932128906e-01 4.624800086021423340e-01
5.374359488487243652e-01 4.625639915466308594e-01
5.374534130096435547e-01 4.625465571880340576e-01
5.373798012733459473e-01 4.626202285289764404e-01
5.373218655586242676e-01 4.626781642436981201e-01
5.373600721359252930e-01 4.626399576663970947e-01
5.373998880386352539e-01 4.626001119613647461e-01
5.374539494514465332e-01 4.625461101531982422e-01
5.375484824180603027e-01 4.624515175819396973e-01
5.374424457550048828e-01 4.625575840473175049e-01
5.373623371124267578e-01 4.626375734806060791e-01
5.374267101287841797e-01 4.625732898712158203e-01
5.373857021331787109e-01 4.626142680644989014e-01
5.374285578727722168e-01 4.625714719295501709e-01
5.373766422271728516e-01 4.626233577728271484e-01
5.373997092247009277e-01 4.626002907752990723e-01
5.373356342315673828e-01 4.626643359661102295e-01
5.373849868774414062e-01 4.626149833202362061e-01
5.375200510025024414e-01 4.624798893928527832e-01
5.375741720199584961e-01 4.624259173870086670e-01
5.375118255615234375e-01 4.624882042407989502e-01
5.372668504714965820e-01 4.627332389354705811e-01
5.373879075050354004e-01 4.626120924949645996e-01
5.373998284339904785e-01 4.626001417636871338e-01
5.373938083648681641e-01 4.626062214374542236e-01
5.374826192855834961e-01 4.625174105167388916e-01
5.374528169631958008e-01 4.625471532344818115e-01
5.374541282653808594e-01 4.625459015369415283e-01
5.373714566230773926e-01 4.626284837722778320e-01
5.375382900238037109e-01 4.624616205692291260e-01
5.373753905296325684e-01 4.626246094703674316e-01
5.373301506042480469e-01 4.626698195934295654e-01
5.374364256858825684e-01 4.625636041164398193e-01
5.375361442565917969e-01 4.624638855457305908e-01
5.373594164848327637e-01 4.626405537128448486e-01
5.374443531036376953e-01 4.625555872917175293e-01
5.374106764793395996e-01 4.625893235206604004e-01
5.374065041542053223e-01 4.625935554504394531e-01
5.373036861419677734e-01 4.626963436603546143e-01
5.374191403388977051e-01 4.625808596611022949e-01
5.373700857162475586e-01 4.626299142837524414e-01
5.375007390975952148e-01 4.624992609024047852e-01
5.374030470848083496e-01 4.625969827175140381e-01
5.373886227607727051e-01 4.626114368438720703e-01
5.374711751937866211e-01 4.625288546085357666e-01
5.372865200042724609e-01 4.627134501934051514e-01
5.375096797943115234e-01 4.624902904033660889e-01
5.374766588211059570e-01 4.625232815742492676e-01
5.374338030815124512e-01 4.625661969184875488e-01
5.373491644859313965e-01 4.626508355140686035e-01
5.373729467391967773e-01 4.626269936561584473e-01
5.375145077705383301e-01 4.624855816364288330e-01
5.375369787216186523e-01 4.624630212783813477e-01
5.375165343284606934e-01 4.624834954738616943e-01
5.375252366065979004e-01 4.624747037887573242e-01
5.373962521553039551e-01 4.626037776470184326e-01
5.373211503028869629e-01 4.626788794994354248e-01
5.375078320503234863e-01 4.624921679496765137e-01
5.374416112899780273e-01 4.625583887100219727e-01
5.374059677124023438e-01 4.625940024852752686e-01
5.373674631118774414e-01 4.626325070858001709e-01
5.374211072921752930e-01 4.625789225101470947e-01
5.373554229736328125e-01 4.626445472240447998e-01
5.374995470046997070e-01 4.625003933906555176e-01
5.374427437782287598e-01 4.625572562217712402e-01
5.374538898468017578e-01 4.625460803508758545e-01
5.374541282653808594e-01 4.625459015369415283e-01
5.375295877456665039e-01 4.624704718589782715e-01
5.373877882957458496e-01 4.626122415065765381e-01
5.373765230178833008e-01 4.626234471797943115e-01
5.375019311904907227e-01 4.624980092048645020e-01
5.373629331588745117e-01 4.626370668411254883e-01
5.374162197113037109e-01 4.625837504863739014e-01
5.373416543006896973e-01 4.626584053039550781e-01
5.374784469604492188e-01 4.625215530395507812e-01
5.374139547348022461e-01 4.625861048698425293e-01
5.375073552131652832e-01 4.624926447868347168e-01
5.370230078697204590e-01 4.629769921302795410e-01
5.374970436096191406e-01 4.625029861927032471e-01
5.373668074607849121e-01 4.626331925392150879e-01
5.374404191970825195e-01 4.625596106052398682e-01
5.375425815582275391e-01 4.624573588371276855e-01
5.374091267585754395e-01 4.625908434391021729e-01
5.374215841293334961e-01 4.625784456729888916e-01
5.374352335929870605e-01 4.625647664070129395e-01
5.375658273696899414e-01 4.624342322349548340e-01
5.374590158462524414e-01 4.625409543514251709e-01
5.374966859817504883e-01 4.625032544136047363e-01
5.375367403030395508e-01 4.624632596969604492e-01
5.373432040214538574e-01 4.626567959785461426e-01
5.374131798744201660e-01 4.625868499279022217e-01
5.373817086219787598e-01 4.626182913780212402e-01
5.373995304107666016e-01 4.626004695892333984e-01
5.373240113258361816e-01 4.626760184764862061e-01
5.374345183372497559e-01 4.625655114650726318e-01
5.374579429626464844e-01 4.625420570373535156e-01
5.375356078147888184e-01 4.624643325805664062e-01
5.374102592468261719e-01 4.625897705554962158e-01
5.373787879943847656e-01 4.626211822032928467e-01
5.374158024787902832e-01 4.625841975212097168e-01
5.377559065818786621e-01 4.622441232204437256e-01
5.373858213424682617e-01 4.626141190528869629e-01
5.374041795730590820e-01 4.625957906246185303e-01
5.374338030815124512e-01 4.625661969184875488e-01
5.373594760894775391e-01 4.626404941082000732e-01
5.375103950500488281e-01 4.624896347522735596e-01
5.373898744583129883e-01 4.626100957393646240e-01
5.373463630676269531e-01 4.626536071300506592e-01
5.374220013618469238e-01 4.625779986381530762e-01
5.373973250389099121e-01 4.626026749610900879e-01
5.373944044113159180e-01 4.626055955886840820e-01
5.374022722244262695e-01 4.625977575778961182e-01
5.374295711517333984e-01 4.625703692436218262e-01
5.374075770378112793e-01 4.625924229621887207e-01
5.374070405960083008e-01 4.625930190086364746e-01
5.373963713645935059e-01 4.626036584377288818e-01
5.374165773391723633e-01 4.625834822654724121e-01
5.372339487075805664e-01 4.627660512924194336e-01
5.374181270599365234e-01 4.625818729400634766e-01
5.374321341514587402e-01 4.625678360462188721e-01
5.370230078697204590e-01 4.629769921302795410e-01
5.374215841293334961e-01 4.625784456729888916e-01
5.373461842536926270e-01 4.626538455486297607e-01
5.374271273612976074e-01 4.625727832317352295e-01
5.375370383262634277e-01 4.624629616737365723e-01
5.374426245689392090e-01 4.625573456287384033e-01
5.374503135681152344e-01 4.625496566295623779e-01
5.372516512870788574e-01 4.627483487129211426e-01
5.374109148979187012e-01 4.625890851020812988e-01
5.374972820281982422e-01 4.625027477741241455e-01
5.373827219009399414e-01 4.626172780990600586e-01
5.374615788459777832e-01 4.625384211540222168e-01
5.369888544082641602e-01 4.630111455917358398e-01
5.377264618873596191e-01 4.622735083103179932e-01
5.374102592468261719e-01 4.625897109508514404e-01
5.373998284339904785e-01 4.626001715660095215e-01
5.374658107757568359e-01 4.625341594219207764e-01
5.374025702476501465e-01 4.625973999500274658e-01
5.374970436096191406e-01 4.625029861927032471e-01
5.373871326446533203e-01 4.626128971576690674e-01
5.374619364738464355e-01 4.625380635261535645e-01
5.373479127883911133e-01 4.626520872116088867e-01
5.374663472175598145e-01 4.625335931777954102e-01
5.374075770378112793e-01 4.625924229621887207e-01
5.374727249145507812e-01 4.625273048877716064e-01
5.373708009719848633e-01 4.626291692256927490e-01
5.374879837036132812e-01 4.625119864940643311e-01
5.374131202697753906e-01 4.625868797302246094e-01
5.373585224151611328e-01 4.626415073871612549e-01
5.374388694763183594e-01 4.625611305236816406e-01
5.374242067337036133e-01 4.625757932662963867e-01
5.374987721443176270e-01 4.625012874603271484e-01
5.374373793601989746e-01 4.625626206398010254e-01
5.372389554977416992e-01 4.627609848976135254e-01
5.375136733055114746e-01 4.624862968921661377e-01
5.374616980552673340e-01 4.625383317470550537e-01
5.374746322631835938e-01 4.625253975391387939e-01
5.374101996421813965e-01 4.625898301601409912e-01
5.374235510826110840e-01 4.625764191150665283e-01
5.374037623405456543e-01 4.625962078571319580e-01
5.375304222106933594e-01 4.624696373939514160e-01
5.373338460922241211e-01 4.626661241054534912e-01
5.372810959815979004e-01 4.627189934253692627e-01
5.376071929931640625e-01 4.623928368091583252e-01
5.374643206596374512e-01 4.625357091426849365e-01
5.375512242317199707e-01 4.624487757682800293e-01
5.375059247016906738e-01 4.624941051006317139e-01
5.374104976654052734e-01 4.625894725322723389e-01
5.373623371124267578e-01 4.626375734806060791e-01
5.373525023460388184e-01 4.626475274562835693e-01
5.373470783233642578e-01 4.626529514789581299e-01
5.373749732971191406e-01 4.626249969005584717e-01
5.373702049255371094e-01 4.626298248767852783e-01
5.374804735183715820e-01 4.625195860862731934e-01
5.374308228492736816e-01 4.625692069530487061e-01
5.374720096588134766e-01 4.625279605388641357e-01
5.374904870986938477e-01 4.625094234943389893e-01
5.373345613479614258e-01 4.626654684543609619e-01
5.374481678009033203e-01 4.625518023967742920e-01
5.374548435211181641e-01 4.625451564788818359e-01
5.373981595039367676e-01 4.626018404960632324e-01
5.373857617378234863e-01 4.626142978668212891e-01
5.374277234077453613e-01 4.625722467899322510e-01
5.373919606208801270e-01 4.626080095767974854e-01
5.373886823654174805e-01 4.626113772392272949e-01
5.373944044113159180e-01 4.626055955886840820e-01
5.374080538749694824e-01 4.625919759273529053e-01
5.375118255615234375e-01 4.624882042407989502e-01
5.375401377677917480e-01 4.624598622322082520e-01
5.374168157577514648e-01 4.625832140445709229e-01
5.374127626419067383e-01 4.625872373580932617e-01
5.374147295951843262e-01 4.625852704048156738e-01
5.373694896697998047e-01 4.626305103302001953e-01
5.375145077705383301e-01 4.624855816364288330e-01
5.374252200126647949e-01 4.625748395919799805e-01
5.374044775962829590e-01 4.625955522060394287e-01
5.373775959014892578e-01 4.626224339008331299e-01
5.374013781547546387e-01 4.625985622406005859e-01
5.374038219451904297e-01 4.625961482524871826e-01
5.374344587326049805e-01 4.625655114650726318e-01
5.373989343643188477e-01 4.626010358333587646e-01
5.374161601066589355e-01 4.625838100910186768e-01
5.374832153320312500e-01 4.625168144702911377e-01
5.374472737312316895e-01 4.625526964664459229e-01
5.373974442481994629e-01 4.626025557518005371e-01
5.374330878257751465e-01 4.625669419765472412e-01
5.374344587326049805e-01 4.625655114650726318e-01
5.374496579170227051e-01 4.625503122806549072e-01
5.375205278396606445e-01 4.624794125556945801e-01
5.373202562332153320e-01 4.626798033714294434e-01
5.374999046325683594e-01 4.625000953674316406e-01
5.374068617820739746e-01 4.625931382179260254e-01
5.374691486358642578e-01 4.625308811664581299e-01
5.369859933853149414e-01 4.630140662193298340e-01
5.374755263328552246e-01 4.625244736671447754e-01
5.374758243560791016e-01 4.625242054462432861e-01
5.373265147209167480e-01 4.626735150814056396e-01
5.374705195426940918e-01 4.625294804573059082e-01
5.373834967613220215e-01 4.626165330410003662e-01
5.373304486274719238e-01 4.626695513725280762e-01
5.373771786689758301e-01 4.626227915287017822e-01
5.373076200485229492e-01 4.626923203468322754e-01
5.374388694763183594e-01 4.625611305236816406e-01
5.374717712402343750e-01 4.625282883644104004e-01
5.374911427497863770e-01 4.625088274478912354e-01
5.373611450195312500e-01 4.626388251781463623e-01
5.375165343284606934e-01 4.624834954738616943e-01
5.373394489288330078e-01 4.626605510711669922e-01
5.374010801315307617e-01 4.625989794731140137e-01
5.375008583068847656e-01 4.624991416931152344e-01
5.374664664268493652e-01 4.625335335731506348e-01
5.374201536178588867e-01 4.625798463821411133e-01
5.373891592025756836e-01 4.626108109951019287e-01
5.374590158462524414e-01 4.625409543514251709e-01
5.374386310577392578e-01 4.625613093376159668e-01
5.373817086219787598e-01 4.626182913780212402e-01
5.375114083290100098e-01 4.624885916709899902e-01
5.374138355255126953e-01 4.625861644744873047e-01
5.371972322463989258e-01 4.628027081489562988e-01
5.372836589813232422e-01 4.627163708209991455e-01
5.373655557632446289e-01 4.626345038414001465e-01
5.375106930732727051e-01 4.624893069267272949e-01
5.372261404991149902e-01 4.627738595008850098e-01
5.374450683593750000e-01 4.625549912452697754e-01
5.374153852462768555e-01 4.625845551490783691e-01
5.374178290367126465e-01 4.625821113586425781e-01
5.373594164848327637e-01 4.626405835151672363e-01
5.372214913368225098e-01 4.627784788608551025e-01
5.373796224594116211e-01 4.626204073429107666e-01
5.374181866645812988e-01 4.625817537307739258e-01
5.372179746627807617e-01 4.627820551395416260e-01
5.373958349227905273e-01 4.626041948795318604e-01
5.372033119201660156e-01 4.627966582775115967e-01
5.374642610549926758e-01 4.625357687473297119e-01
5.374727845191955566e-01 4.625272154808044434e-01
5.373811721801757812e-01 4.626188874244689941e-01
5.374488234519958496e-01 4.625512063503265381e-01
5.370688438415527344e-01 4.629311859607696533e-01
5.373218059539794922e-01 4.626781344413757324e-01
5.374379754066467285e-01 4.625619947910308838e-01
5.372500419616699219e-01 4.627500176429748535e-01
5.373655557632446289e-01 4.626344740390777588e-01
5.375002026557922363e-01 4.624997973442077637e-01
5.374174714088439941e-01 4.625826179981231689e-01
5.373621582984924316e-01 4.626378417015075684e-01
5.374193191528320312e-01 4.625807106494903564e-01
5.374829173088073730e-01 4.625170230865478516e-01
5.373594760894775391e-01 4.626404941082000732e-01
5.374044179916381836e-01 4.625955522060394287e-01
5.374397635459899902e-01 4.625602066516876221e-01
5.374674201011657715e-01 4.625325500965118408e-01
5.372811555862426758e-01 4.627188146114349365e-01
5.373203754425048828e-01 4.626795947551727295e-01
5.373151302337646484e-01 4.626848101615905762e-01
5.374520421028137207e-01 4.625480175018310547e-01
5.373640060424804688e-01 4.626360237598419189e-01
5.374399423599243164e-01 4.625600874423980713e-01
5.374058485031127930e-01 4.625941216945648193e-01
5.374416112899780273e-01 4.625583589076995850e-01
5.372902750968933105e-01 4.627096951007843018e-01
5.374579429626464844e-01 4.625420570373535156e-01
5.374035239219665527e-01 4.625964462757110596e-01
5.375313758850097656e-01 4.624685943126678467e-01
5.374243259429931641e-01 4.625757038593292236e-01
5.374449491500854492e-01 4.625551104545593262e-01
5.375622510910034180e-01 4.624378085136413574e-01
5.370430946350097656e-01 4.629569351673126221e-01
5.373699069023132324e-01 4.626300930976867676e-01
5.373049974441528320e-01 4.626950025558471680e-01
5.374786257743835449e-01 4.625213742256164551e-01
5.371860265731811523e-01 4.628139734268188477e-01
5.374366044998168945e-01 4.625633656978607178e-01
5.374364256858825684e-01 4.625636041164398193e-01
5.374142527580261230e-01 4.625857770442962646e-01
5.373719930648803711e-01 4.626279473304748535e-01
5.373873114585876465e-01 4.626126587390899658e-01
5.374171733856201172e-01 4.625828266143798828e-01
5.374015569686889648e-01 4.625984430313110352e-01
5.374658107757568359e-01 4.625342190265655518e-01
5.374336838722229004e-01 4.625663459300994873e-01
5.373638868331909180e-01 4.626361429691314697e-01
5.374814867973327637e-01 4.625185132026672363e-01
5.374374389648437500e-01 4.625625610351562500e-01
5.374427437782287598e-01 4.625572562217712402e-01
5.374297499656677246e-01 4.625702202320098877e-01
5.373739004135131836e-01 4.626260995864868164e-01
5.373382568359375000e-01 4.626617431640625000e-01
5.374209284782409668e-01 4.625789821147918701e-01
5.375354886054992676e-01 4.624645113945007324e-01
5.374067425727844238e-01 4.625932574272155762e-01
5.374336838722229004e-01 4.625662565231323242e-01
5.374350547790527344e-01 4.625648856163024902e-01
5.374405980110168457e-01 4.625593721866607666e-01
5.373951792716979980e-01 4.626047313213348389e-01
5.375376939773559570e-01 4.624623656272888184e-01
5.370399951934814453e-01 4.629599750041961670e-01
5.373517870903015137e-01 4.626482427120208740e-01
5.375066399574279785e-01 4.624933302402496338e-01
5.373719930648803711e-01 4.626279473304748535e-01
5.374031662940979004e-01 4.625968337059020996e-01
5.374580621719360352e-01 4.625419676303863525e-01
5.375078320503234863e-01 4.624921679496765137e-01
5.374358892440795898e-01 4.625641703605651855e-01
5.373749136924743652e-01 4.626250565052032471e-01
5.375326275825500488e-01 4.624674022197723389e-01
5.374164581298828125e-01 4.625835120677947998e-01
5.376318097114562988e-01 4.623682200908660889e-01
5.374134778976440430e-01 4.625865519046783447e-01
5.374532938003540039e-01 4.625467061996459961e-01
5.373097658157348633e-01 4.626902043819427490e-01
5.374705791473388672e-01 4.625293314456939697e-01
5.375450253486633301e-01 4.624550044536590576e-01
5.374680757522583008e-01 4.625319838523864746e-01
5.374051928520202637e-01 4.625947773456573486e-01
5.374156236648559570e-01 4.625843763351440430e-01
5.374070405960083008e-01 4.625929892063140869e-01
5.374417304992675781e-01 4.625582993030548096e-01
5.376784205436706543e-01 4.623215198516845703e-01
5.373646616935729980e-01 4.626353979110717773e-01
5.374730825424194336e-01 4.625268876552581787e-01
5.374624133110046387e-01 4.625376164913177490e-01
5.374152660369873047e-01 4.625848233699798584e-01
5.374468564987182617e-01 4.625531435012817383e-01
5.374237298965454102e-01 4.625762403011322021e-01
5.373944640159606934e-01 4.626055657863616943e-01
5.374209284782409668e-01 4.625789821147918701e-01
5.373702049255371094e-01 4.626298546791076660e-01
5.375525355339050293e-01 4.624475240707397461e-01
5.374466180801391602e-01 4.625533819198608398e-01
5.375516414642333984e-01 4.624483883380889893e-01
5.374832749366760254e-01 4.625167250633239746e-01
5.374377965927124023e-01 4.625622034072875977e-01
5.373646616935729980e-01 4.626353979110717773e-01
5.374201536178588867e-01 4.625798165798187256e-01
5.374236106872558594e-01 4.625763893127441406e-01
5.374828577041625977e-01 4.625171124935150146e-01
5.373307466506958008e-01 4.626692235469818115e-01
5.374253988265991211e-01 4.625746011734008789e-01
5.373407006263732910e-01 4.626592695713043213e-01
5.374250411987304688e-01 4.625749588012695312e-01
5.370165705680847168e-01 4.629834592342376709e-01
5.374213457107543945e-01 4.625786840915679932e-01
5.374583005905151367e-01 4.625417590141296387e-01
5.375206470489501953e-01 4.624793529510498047e-01
5.373953580856323242e-01 4.626046717166900635e-01
5.374378561973571777e-01 4.625622034072875977e-01
5.372682213783264160e-01 4.627318680286407471e-01
5.374767184257507324e-01 4.625233113765716553e-01
5.374355316162109375e-01 4.625644385814666748e-01
5.374244451522827148e-01 4.625755250453948975e-01
5.374375581741333008e-01 4.625623822212219238e-01
5.375363826751708984e-01 4.624636769294738770e-01
5.372986793518066406e-01 4.627013802528381348e-01
5.374673604965209961e-01 4.625326097011566162e-01
5.374623537063598633e-01 4.625375866889953613e-01
5.373261570930480957e-01 4.626738131046295166e-01
5.373809337615966797e-01 4.626190960407257080e-01
5.375077128410339355e-01 4.624923169612884521e-01
5.373395085334777832e-01 4.626604914665222168e-01
5.374375581741333008e-01 4.625624716281890869e-01
5.374324321746826172e-01 4.625675976276397705e-01
5.374758839607238770e-01 4.625240564346313477e-01
5.374041199684143066e-01 4.625958800315856934e-01
5.373427271842956543e-01 4.626573026180267334e-01
5.373516678810119629e-01 4.626483321189880371e-01
5.373651385307312012e-01 4.626348614692687988e-01
5.373644232749938965e-01 4.626356065273284912e-01
5.374193787574768066e-01 4.625806510448455811e-01
5.374136567115783691e-01 4.625863134860992432e-01
5.373950600624084473e-01 4.626049399375915527e-01
5.373622775077819824e-01 4.626376926898956299e-01
5.372688770294189453e-01 4.627310931682586670e-01
5.374128818511962891e-01 4.625871181488037109e-01
5.374392867088317871e-01 4.625607430934906006e-01
5.374285578727722168e-01 4.625715017318725586e-01
5.373766422271728516e-01 4.626233577728271484e-01
5.379000306129455566e-01 4.620999693870544434e-01
5.374576449394226074e-01 4.625423252582550049e-01
5.374624729156494141e-01 4.625375568866729736e-01
5.375037193298339844e-01 4.624962210655212402e-01
5.373817086219787598e-01 4.626182913780212402e-01
5.373868942260742188e-01 4.626131355762481689e-01
5.374529361724853516e-01 4.625471234321594238e-01
5.373209118843078613e-01 4.626790285110473633e-01
5.373866558074951172e-01 4.626134037971496582e-01
5.373829007148742676e-01 4.626171290874481201e-01
5.374705195426940918e-01 4.625294804573059082e-01
5.372397899627685547e-01 4.627602398395538330e-01
5.374574661254882812e-01 4.625425636768341064e-01
5.374150276184082031e-01 4.625850319862365723e-01
5.375669598579406738e-01 4.624330103397369385e-01
5.375403761863708496e-01 4.624595940113067627e-01
5.376219749450683594e-01 4.623779654502868652e-01
5.373580455780029297e-01 4.626419544219970703e-01
5.374174714088439941e-01 4.625825285911560059e-01
5.374597907066345215e-01 4.625402092933654785e-01
5.374115109443664551e-01 4.625884592533111572e-01
5.374963879585266113e-01 4.625036418437957764e-01
5.372976064682006836e-01 4.627023935317993164e-01
5.373699069023132324e-01 4.626300930976867676e-01
5.373076200485229492e-01 4.626923203468322754e-01
5.374468564987182617e-01 4.625531435012817383e-01
5.373998880386352539e-01 4.626001119613647461e-01
5.373339056968688965e-01 4.626660346984863281e-01
5.373990535736083984e-01 4.626010060310363770e-01
5.374032855033874512e-01 4.625968039035797119e-01
5.375118255615234375e-01 4.624882042407989502e-01
5.375089645385742188e-01 4.624910950660705566e-01
5.374957919120788574e-01 4.625041782855987549e-01
5.373516082763671875e-01 4.626483619213104248e-01
5.374112725257873535e-01 4.625887572765350342e-01
5.373429656028747559e-01 4.626570045948028564e-01
5.375892519950866699e-01 4.624108076095581055e-01
5.373994112014770508e-01 4.626005291938781738e-01
5.370398759841918945e-01 4.629601240158081055e-01
5.374100208282470703e-01 4.625899493694305420e-01
5.373647809028625488e-01 4.626351594924926758e-01
5.373159050941467285e-01 4.626841545104980469e-01
5.374605655670166016e-01 4.625394642353057861e-01
5.374353528022766113e-01 4.625646471977233887e-01
5.374658107757568359e-01 4.625341594219207764e-01
5.373839735984802246e-01 4.626160860061645508e-01
5.374951958656311035e-01 4.625048041343688965e-01
5.374135375022888184e-01 4.625864624977111816e-01
5.374678373336791992e-01 4.625321328639984131e-01
5.375525355339050293e-01 4.624475240707397461e-01
5.375716686248779297e-01 4.624283611774444580e-01
5.375146269798278809e-01 4.624853730201721191e-01
5.374544858932495117e-01 4.625455141067504883e-01
5.374016761779785156e-01 4.625983536243438721e-01
5.374828577041625977e-01 4.625171124935150146e-01
5.374776124954223633e-01 4.625223875045776367e-01
5.374904870986938477e-01 4.625095129013061523e-01
5.373991131782531738e-01 4.626008868217468262e-01
5.374895334243774414e-01 4.625104665756225586e-01
5.374712347984313965e-01 4.625287950038909912e-01
5.373826622962951660e-01 4.626173973083496094e-01
5.373902320861816406e-01 4.626097977161407471e-01
5.373181700706481934e-01 4.626818597316741943e-01
5.373781919479370117e-01 4.626218676567077637e-01
5.373968482017517090e-01 4.626031816005706787e-01
5.374472141265869141e-01 4.625527560710906982e-01
5.373939871788024902e-01 4.626059830188751221e-01
5.374038219451904297e-01 4.625961482524871826e-01
5.375308990478515625e-01 4.624690711498260498e-01
5.374677181243896484e-01 4.625322520732879639e-01
5.374051928520202637e-01 4.625947773456573486e-01
5.374333262443542480e-01 4.625666737556457520e-01
5.373560786247253418e-01 4.626438617706298828e-01
5.375173687934875488e-01 4.624826014041900635e-01
5.374006628990173340e-01 4.625993967056274414e-01
5.375136733055114746e-01 4.624862968921661377e-01
5.373076796531677246e-01 4.626923501491546631e-01
5.374163985252380371e-01 4.625836312770843506e-01
5.373868942260742188e-01 4.626131355762481689e-01
5.374115705490112305e-01 4.625884294509887695e-01
5.374012589454650879e-01 4.625987410545349121e-01
5.374389290809631348e-01 4.625610411167144775e-01
5.373858809471130371e-01 4.626140296459197998e-01
5.376698970794677734e-01 4.623301029205322266e-01
5.374618172645568848e-01 4.625382423400878906e-01
5.375854372978210449e-01 4.624145627021789551e-01
5.374155640602111816e-01 4.625844359397888184e-01
5.374543666839599609e-01 4.625456035137176514e-01
5.372816920280456543e-01 4.627183377742767334e-01
5.374434590339660645e-01 4.625565707683563232e-01
5.374242067337036133e-01 4.625757932662963867e-01
5.374488234519958496e-01 4.625512063503265381e-01
5.373865962028503418e-01 4.626134037971496582e-01
5.374140143394470215e-01 4.625859856605529785e-01
5.374608039855957031e-01 4.625392258167266846e-01
5.374100804328918457e-01 4.625898897647857666e-01
5.374674201011657715e-01 4.625325500965118408e-01
5.370327234268188477e-01 4.629672467708587646e-01
5.376556515693664551e-01 4.623443186283111572e-01
5.374755263328552246e-01 4.625244736671447754e-01
5.373594760894775391e-01 4.626404941082000732e-01
5.375072360038757324e-01 4.624927341938018799e-01
5.373997688293457031e-01 4.626002609729766846e-01
5.374174714088439941e-01 4.625826179981231689e-01
5.375498533248901367e-01 4.624502062797546387e-01
5.374310016632080078e-01 4.625689685344696045e-01
5.375084877014160156e-01 4.624915122985839844e-01
5.373520255088806152e-01 4.626479446887969971e-01
5.376132726669311523e-01 4.623867273330688477e-01
5.375883579254150391e-01 4.624116420745849609e-01
5.374804139137268066e-01 4.625196754932403564e-01
5.372969508171081543e-01 4.627030193805694580e-01
5.373525023460388184e-01 4.626475274562835693e-01
5.373709797859191895e-01 4.626290500164031982e-01
5.373629927635192871e-01 4.626370370388031006e-01
5.375147461891174316e-01 4.624852240085601807e-01
5.374068617820739746e-01 4.625931382179260254e-01
5.375597476959228516e-01 4.624402523040771484e-01
5.373551249504089355e-01 4.626449048519134521e-01
5.374926328659057617e-01 4.625073373317718506e-01
5.373598337173461914e-01 4.626402258872985840e-01
5.374217033386230469e-01 4.625782370567321777e-01
5.373978614807128906e-01 4.626020789146423340e-01
5.374308228492736816e-01 4.625692069530487061e-01
5.373243689537048340e-01 4.626756310462951660e-01
5.372312664985656738e-01 4.627687633037567139e-01
5.374990105628967285e-01 4.625010490417480469e-01
5.373523235321044922e-01 4.626476764678955078e-01
