5.103697776794433594e-01 4.896302819252014160e-01
5.107445120811462402e-01 4.892555177211761475e-01
5.106374621391296387e-01 4.893625974655151367e-01
5.104737877845764160e-01 4.895261526107788086e-01
5.107953548431396484e-01 4.892046153545379639e-01
5.105709433555603027e-01 4.894289970397949219e-01
5.106552839279174805e-01 4.893446862697601318e-01
5.106244683265686035e-01 4.893755018711090088e-01
5.107380151748657227e-01 4.892620146274566650e-01
5.105170011520385742e-01 4.894829690456390381e-01
5.105941891670227051e-01 4.894057512283325195e-01
5.106710195541381836e-01 4.893289506435394287e-01
5.106336474418640137e-01 4.893662929534912109e-01
5.105450153350830078e-01 4.894549548625946045e-01
5.106941461563110352e-01 4.893058836460113525e-01
5.105594992637634277e-01 4.894405007362365723e-01
5.106461644172668457e-01 4.893538653850555420e-01
5.105630159378051758e-01 4.894368946552276611e-01
5.106354355812072754e-01 4.893645346164703369e-01
5.106289386749267578e-01 4.893710911273956299e-01
5.105144977569580078e-01 4.894854724407196045e-01
5.105513930320739746e-01 4.894486069679260254e-01
5.105701088905334473e-01 4.894299209117889404e-01
5.107082128524780273e-01 4.892917275428771973e-01
5.107188224792480469e-01 4.892811477184295654e-01
5.107286572456359863e-01 4.892714023590087891e-01
5.107095241546630859e-01 4.892904758453369141e-01
5.104578137397766113e-01 4.895422458648681641e-01
5.106726884841918945e-01 4.893273115158081055e-01
5.105908513069152832e-01 4.894092082977294922e-01
5.106428861618041992e-01 4.893572032451629639e-01
5.106654763221740723e-01 4.893345236778259277e-01
5.105499625205993652e-01 4.894500374794006348e-01
5.106443762779235840e-01 4.893556833267211914e-01
5.106096267700195312e-01 4.893903732299804688e-01
5.107089877128601074e-01 4.892909228801727295e-01
5.106790065765380859e-01 4.893210232257843018e-01
5.106263160705566406e-01 4.893737137317657471e-01
5.104975700378417969e-01 4.895025193691253662e-01
5.107889771461486816e-01 4.892110526561737061e-01
5.106584429740905762e-01 4.893415868282318115e-01
5.106415748596191406e-01 4.893584549427032471e-01
5.106841921806335449e-01 4.893157482147216797e-01
5.107222199440002441e-01 4.892777502536773682e-01
5.106814503669738770e-01 4.893185496330261230e-01
5.105935335159301758e-01 4.894064068794250488e-01
5.105636715888977051e-01 4.894362688064575195e-01
5.106919407844543457e-01 4.893081188201904297e-01
5.107003450393676758e-01 4.892995655536651611e-01
5.106272697448730469e-01 4.893727302551269531e-01
5.106234550476074219e-01 4.893765449523925781e-01
5.106850266456604004e-01 4.893149733543395996e-01
5.107375979423522949e-01 4.892624020576477051e-01
5.106890797615051270e-01 4.893109202384948730e-01
5.107092857360839844e-01 4.892908036708831787e-01
5.106677412986755371e-01 4.893322288990020752e-01
5.104608535766601562e-01 4.895392060279846191e-01
5.106145143508911133e-01 4.893854856491088867e-01
5.106102824211120605e-01 4.893897473812103271e-01
5.106418728828430176e-01 4.893581569194793701e-01
5.107222199440002441e-01 4.892777502536773682e-01
5.106446743011474609e-01 4.893553853034973145e-01
5.104753375053405762e-01 4.895246028900146484e-01
5.106974244117736816e-01 4.893025755882263184e-01
5.107710361480712891e-01 4.892289638519287109e-01
5.106442570686340332e-01 4.893556535243988037e-01
5.106637477874755859e-01 4.893362820148468018e-01
5.106109380722045898e-01 4.893890619277954102e-01
5.105995535850524902e-01 4.894004762172698975e-01
5.105630159378051758e-01 4.894368946552276611e-01
5.106369853019714355e-01 4.893630146980285645e-01
5.106533765792846680e-01 4.893466234207153320e-01
5.105761289596557617e-01 4.894238114356994629e-01
5.106803774833679199e-01 4.893196225166320801e-01
5.105901956558227539e-01 4.894097447395324707e-01
5.107555389404296875e-01 4.892444908618927002e-01
5.106187462806701660e-01 4.893812537193298340e-01
5.106630921363830566e-01 4.893369376659393311e-01
5.106756687164306641e-01 4.893242716789245605e-01
5.107889771461486816e-01 4.892110526561737061e-01
5.106528401374816895e-01 4.893471002578735352e-01
5.107077360153198242e-01 4.892923533916473389e-01
5.107032060623168945e-01 4.892967045307159424e-01
5.106262564659118652e-01 4.893737137317657471e-01
5.107501745223999023e-01 4.892497658729553223e-01
5.107125639915466309e-01 4.892874658107757568e-01
5.107422471046447754e-01 4.892577826976776123e-01
5.105411410331726074e-01 4.894588589668273926e-01
5.107728838920593262e-01 4.892271161079406738e-01
5.106571912765502930e-01 4.893427491188049316e-01
5.107604861259460449e-01 4.892395436763763428e-01
5.107115507125854492e-01 4.892884492874145508e-01
5.106646418571472168e-01 4.893354177474975586e-01
5.106602907180786133e-01 4.893397688865661621e-01
5.106371045112609863e-01 4.893629252910614014e-01
5.107043981552124023e-01 4.892956018447875977e-01
5.105715394020080566e-01 4.894284605979919434e-01
5.106464028358459473e-01 4.893535673618316650e-01
5.105897188186645508e-01 4.894102811813354492e-01
5.107731819152832031e-01 4.892268478870391846e-01
5.106787681579589844e-01 4.893211722373962402e-01
5.106456279754638672e-01 4.893542826175689697e-01
5.106098651885986328e-01 4.893901944160461426e-01
5.105085372924804688e-01 4.894915223121643066e-01
5.107397437095642090e-01 4.892602562904357910e-01
5.105698108673095703e-01 4.894301295280456543e-01
5.106604695320129395e-01 4.893395602703094482e-01
5.107938051223754883e-01 4.892061948776245117e-01
5.106876492500305176e-01 4.893124401569366455e-01
5.107021927833557129e-01 4.892978370189666748e-01
5.105862021446228027e-01 4.894137084484100342e-01
5.105786323547363281e-01 4.894213676452636719e-01
5.106766223907470703e-01 4.893233478069305420e-01
5.106884241104125977e-01 4.893115758895874023e-01
5.107617974281311035e-01 4.892382323741912842e-01
5.106964707374572754e-01 4.893035292625427246e-01
5.105170011520385742e-01 4.894829690456390381e-01
5.106287598609924316e-01 4.893712103366851807e-01
5.106303691864013672e-01 4.893696308135986328e-01
5.106967091560363770e-01 4.893033206462860107e-01
5.106145143508911133e-01 4.893854856491088867e-01
5.106869339942932129e-01 4.893130362033843994e-01
5.105884671211242676e-01 4.894115626811981201e-01
5.105785131454467773e-01 4.894215464591979980e-01
5.107110738754272461e-01 4.892888963222503662e-01
5.107399821281433105e-01 4.892599880695343018e-01
5.107092857360839844e-01 4.892907738685607910e-01
5.106351971626281738e-01 4.893647730350494385e-01
5.107114315032958984e-01 4.892885386943817139e-01
5.106499195098876953e-01 4.893500208854675293e-01
5.106906294822692871e-01 4.893094003200531006e-01
5.106366276741027832e-01 4.893633127212524414e-01
5.106375217437744141e-01 4.893625378608703613e-01
5.106364488601684570e-01 4.893636107444763184e-01
5.106209516525268555e-01 4.893790483474731445e-01
5.106255412101745605e-01 4.893745183944702148e-01
5.106031894683837891e-01 4.893967807292938232e-01
5.106662511825561523e-01 4.893338084220886230e-01
5.106002688407897949e-01 4.893997907638549805e-01
5.106604695320129395e-01 4.893395006656646729e-01
5.106843709945678711e-01 4.893155992031097412e-01
5.106512904167175293e-01 4.893487393856048584e-01
5.105189085006713867e-01 4.894810318946838379e-01
5.104759335517883301e-01 4.895240366458892822e-01
5.106787681579589844e-01 4.893211722373962402e-01
5.107163190841674805e-01 4.892836809158325195e-01
5.106625556945800781e-01 4.893374443054199219e-01
5.106744170188903809e-01 4.893255531787872314e-01
5.105708837509155273e-01 4.894291162490844727e-01
5.106988549232482910e-01 4.893010854721069336e-01
5.107188224792480469e-01 4.892812073230743408e-01
5.106887221336364746e-01 4.893112480640411377e-01
5.106967091560363770e-01 4.893033206462860107e-01
5.106409192085266113e-01 4.893591105937957764e-01
5.107284784317016602e-01 4.892715513706207275e-01
5.106225013732910156e-01 4.893774390220642090e-01
5.106782913208007812e-01 4.893217682838439941e-01
5.104753375053405762e-01 4.895246028900146484e-01
5.106184482574462891e-01 4.893815219402313232e-01
5.106602907180786133e-01 4.893397986888885498e-01
5.106834769248962402e-01 4.893164932727813721e-01
5.106848478317260742e-01 4.893151223659515381e-01
5.106785893440246582e-01 4.893213510513305664e-01
5.107054114341735840e-01 4.892945885658264160e-01
5.107153058052062988e-01 4.892847239971160889e-01
5.105963945388793945e-01 4.894035458564758301e-01
5.106124281883239746e-01 4.893875718116760254e-01
5.106317996978759766e-01 4.893681704998016357e-01
5.106337070465087891e-01 4.893662631511688232e-01
5.107307434082031250e-01 4.892693161964416504e-01
5.107427239418029785e-01 4.892572760581970215e-01
5.107021927833557129e-01 4.892978370189666748e-01
5.105893611907958984e-01 4.894106388092041016e-01
5.105597972869873047e-01 4.894401729106903076e-01
5.106532573699951172e-01 4.893467128276824951e-01
5.107150077819824219e-01 4.892850518226623535e-01
5.106388926506042480e-01 4.893611669540405273e-01
5.106894969940185547e-01 4.893105328083038330e-01
5.106769204139709473e-01 4.893230199813842773e-01
5.106533765792846680e-01 4.893466830253601074e-01
5.106903910636901855e-01 4.893095493316650391e-01
5.105668306350708008e-01 4.894331991672515869e-01
5.106799006462097168e-01 4.893201291561126709e-01
5.106471776962280273e-01 4.893528223037719727e-01
5.106937289237976074e-01 4.893062412738800049e-01
5.106533765792846680e-01 4.893466830253601074e-01
5.106962323188781738e-01 4.893038570880889893e-01
5.106561183929443359e-01 4.893439412117004395e-01
5.107470154762268066e-01 4.892529547214508057e-01
5.106121301651000977e-01 4.893878996372222900e-01
5.106649994850158691e-01 4.893349707126617432e-01
5.106304883956909180e-01 4.893695116043090820e-01
5.104941129684448242e-01 4.895059168338775635e-01
5.106642842292785645e-01 4.893357157707214355e-01
5.104896426200866699e-01 4.895103871822357178e-01
5.106719136238098145e-01 4.893281161785125732e-01
5.106770992279052734e-01 4.893229007720947266e-01
5.105946063995361328e-01 4.894053339958190918e-01
5.106782317161560059e-01 4.893217682838439941e-01
5.106813907623291016e-01 4.893186092376708984e-01
5.105676651000976562e-01 4.894323647022247314e-01
5.107690691947937012e-01 4.892309606075286865e-01
5.105710029602050781e-01 4.894290268421173096e-01
5.106742978096008301e-01 4.893256723880767822e-01
5.106964707374572754e-01 4.893035292625427246e-01
5.106291770935058594e-01 4.893708527088165283e-01
5.106693506240844727e-01 4.893306493759155273e-01
5.106107592582702637e-01 4.893891811370849609e-01
5.106916427612304688e-01 4.893083870410919189e-01
5.106720328330993652e-01 4.893280267715454102e-01
5.106788277626037598e-01 4.893211722373962402e-01
5.106438398361206055e-01 4.893561005592346191e-01
5.107424259185791016e-01 4.892575442790985107e-01
5.106619000434875488e-01 4.893380999565124512e-01
5.106533765792846680e-01 4.893466830253601074e-01
5.106883049011230469e-01 4.893116652965545654e-01
5.106925964355468750e-01 4.893074035644531250e-01
5.106706023216247559e-01 4.893294274806976318e-01
5.106478929519653320e-01 4.893520772457122803e-01
5.107156038284301758e-01 4.892844259738922119e-01
5.106837749481201172e-01 4.893161952495574951e-01
5.106534957885742188e-01 4.893464744091033936e-01
5.106517672538757324e-01 4.893482029438018799e-01
5.107427239418029785e-01 4.892573058605194092e-01
5.105569362640380859e-01 4.894430339336395264e-01
5.107036232948303223e-01 4.892964363098144531e-01
5.106400251388549805e-01 4.893600344657897949e-01
5.106726884841918945e-01 4.893273413181304932e-01
5.107889771461486816e-01 4.892110526561737061e-01
5.106481909751892090e-01 4.893517792224884033e-01
5.106796026229858398e-01 4.893204271793365479e-01
5.106227993965148926e-01 4.893771708011627197e-01
5.106101632118225098e-01 4.893898665904998779e-01
5.106930136680603027e-01 4.893069565296173096e-01
5.106032490730285645e-01 4.893967509269714355e-01
5.105884671211242676e-01 4.894115626811981201e-01
5.106670260429382324e-01 4.893329739570617676e-01
5.103995800018310547e-01 4.896004498004913330e-01
5.104294419288635254e-01 4.895705282688140869e-01
5.107656717300415039e-01 4.892343282699584961e-01
5.107144117355346680e-01 4.892855286598205566e-01
5.107643604278564453e-01 4.892356991767883301e-01
5.107061266899108887e-01 4.892938435077667236e-01
5.106269121170043945e-01 4.893730878829956055e-01
5.105636715888977051e-01 4.894362688064575195e-01
5.106489658355712891e-01 4.893510937690734863e-01
5.105968117713928223e-01 4.894032478332519531e-01
5.105856657028198242e-01 4.894143640995025635e-01
5.106453299522399902e-01 4.893546700477600098e-01
5.106404423713684082e-01 4.893595278263092041e-01
5.107552409172058105e-01 4.892447888851165771e-01
5.106678605079650879e-01 4.893321990966796875e-01
5.106060504913330078e-01 4.893939495086669922e-01
5.107318758964538574e-01 4.892681241035461426e-01
5.106238722801208496e-01 4.893760681152343750e-01
5.106234550476074219e-01 4.893766045570373535e-01
5.106107592582702637e-01 4.893891811370849609e-01
5.106351971626281738e-01 4.893647730350494385e-01
5.106699466705322266e-01 4.893300533294677734e-01
5.105493664741516113e-01 4.894506633281707764e-01
5.106964111328125000e-01 4.893036186695098877e-01
5.106129646301269531e-01 4.893870651721954346e-01
5.105144977569580078e-01 4.894854724407196045e-01
5.107086896896362305e-01 4.892913103103637695e-01
5.106087327003479004e-01 4.893912672996520996e-01
5.106112360954284668e-01 4.893888235092163086e-01
5.107065439224243164e-01 4.892935156822204590e-01
5.106890201568603516e-01 4.893110692501068115e-01
5.108115077018737793e-01 4.891884326934814453e-01
5.105816125869750977e-01 4.894184172153472900e-01
5.106334090232849121e-01 4.893665611743927002e-01
5.106534957885742188e-01 4.893464744091033936e-01
5.106639862060546875e-01 4.893359541893005371e-01
5.105527639389038086e-01 4.894471466541290283e-01
5.106399059295654297e-01 4.893600046634674072e-01
5.105708837509155273e-01 4.894291162490844727e-01
5.107852220535278320e-01 4.892148077487945557e-01
5.106772184371948242e-01 4.893227815628051758e-01
5.106828808784484863e-01 4.893170595169067383e-01
5.106362104415893555e-01 4.893637895584106445e-01
5.105651021003723145e-01 4.894348978996276855e-01
5.106668472290039062e-01 4.893331527709960938e-01
5.106577277183532715e-01 4.893423020839691162e-01
5.106344819068908691e-01 4.893655478954315186e-01
5.107024312019348145e-01 4.892975986003875732e-01
5.106274485588073730e-01 4.893725514411926270e-01
5.105946660041809082e-01 4.894052743911743164e-01
5.106825232505798340e-01 4.893174767494201660e-01
5.106410980224609375e-01 4.893589019775390625e-01
5.106091499328613281e-01 4.893907904624938965e-01
5.107434391975402832e-01 4.892564713954925537e-01
5.106716752052307129e-01 4.893283247947692871e-01
5.107186436653137207e-01 4.892813265323638916e-01
5.106401443481445312e-01 4.893599450588226318e-01
5.106080174446105957e-01 4.893919229507446289e-01
5.107152462005615234e-01 4.892847239971160889e-01
5.105249881744384766e-01 4.894749224185943604e-01
5.106948018074035645e-01 4.893052875995635986e-01
5.106025338172912598e-01 4.893974959850311279e-01
5.106345415115356445e-01 4.893654286861419678e-01
5.105682015419006348e-01 4.894318282604217529e-01
5.106184482574462891e-01 4.893815219402313232e-01
5.105924606323242188e-01 4.894075095653533936e-01
5.106865763664245605e-01 4.893134832382202148e-01
5.106415152549743652e-01 4.893585443496704102e-01
5.106651186943054199e-01 4.893349111080169678e-01
5.105636715888977051e-01 4.894362688064575195e-01
5.106455683708190918e-01 4.893543720245361328e-01
5.106554627418518066e-01 4.893445670604705811e-01
5.106837153434753418e-01 4.893162548542022705e-01
5.107715129852294922e-01 4.892285466194152832e-01
5.106051564216613770e-01 4.893948137760162354e-01
5.106484293937683105e-01 4.893514811992645264e-01
5.105977058410644531e-01 4.894022941589355469e-01
5.106251835823059082e-01 4.893747568130493164e-01
5.106810927391052246e-01 4.893189072608947754e-01
5.106799006462097168e-01 4.893201291561126709e-01
5.106882452964782715e-01 4.893117845058441162e-01
5.107082724571228027e-01 4.892917573451995850e-01
5.106840729713439941e-01 4.893159866333007812e-01
5.105857253074645996e-01 4.894143342971801758e-01
5.106678009033203125e-01 4.893321990966796875e-01
5.106065869331359863e-01 4.893933832645416260e-01
5.106073021888732910e-01 4.893926680088043213e-01
5.106825232505798340e-01 4.893175065517425537e-01
5.106773376464843750e-01 4.893226027488708496e-01
5.106627345085144043e-01 4.893372654914855957e-01
5.107144713401794434e-01 4.892855584621429443e-01
5.107514262199401855e-01 4.892485439777374268e-01
5.106919407844543457e-01 4.893081188201904297e-01
5.106204748153686523e-01 4.893795251846313477e-01
5.105975866317749023e-01 4.894023537635803223e-01
5.106621980667114258e-01 4.893378019332885742e-01
5.105302929878234863e-01 4.894697368144989014e-01
5.106498003005981445e-01 4.893501698970794678e-01
5.106945037841796875e-01 4.893054664134979248e-01
5.106963515281677246e-01 4.893036484718322754e-01
5.107062458992004395e-01 4.892937541007995605e-01
5.106967091560363770e-01 4.893032908439636230e-01
5.106348991394042969e-01 4.893651306629180908e-01
5.106589794158935547e-01 4.893410801887512207e-01
5.106304287910461426e-01 4.893695414066314697e-01
5.106840729713439941e-01 4.893159866333007812e-01
5.105789303779602051e-01 4.894210696220397949e-01
5.106213688850402832e-01 4.893786311149597168e-01
5.105097889900207520e-01 4.894902110099792480e-01
5.106276273727416992e-01 4.893723726272583008e-01
5.107715129852294922e-01 4.892285466194152832e-01
5.106154680252075195e-01 4.893845319747924805e-01
5.107375979423522949e-01 4.892624020576477051e-01
5.106782913208007812e-01 4.893217384815216064e-01
5.106876492500305176e-01 4.893124103546142578e-01
5.106424689292907715e-01 4.893575012683868408e-01
5.106042027473449707e-01 4.893958568572998047e-01
5.105740427970886230e-01 4.894259274005889893e-01
5.105708837509155273e-01 4.894291162490844727e-01
5.106362700462341309e-01 4.893637597560882568e-01
5.106699466705322266e-01 4.893299937248229980e-01
5.106803774833679199e-01 4.893196225166320801e-01
5.106068253517150879e-01 4.893932044506072998e-01
5.107024908065795898e-01 4.892974495887756348e-01
5.106792449951171875e-01 4.893207252025604248e-01
5.107166767120361328e-01 4.892833232879638672e-01
5.106625556945800781e-01 4.893374741077423096e-01
5.106794834136962891e-01 4.893205165863037109e-01
5.106303691864013672e-01 4.893696308135986328e-01
5.106014013290405273e-01 4.893985688686370850e-01
5.106651186943054199e-01 4.893348217010498047e-01
5.104608535766601562e-01 4.895392060279846191e-01
5.107092857360839844e-01 4.892907738685607910e-01
5.106486678123474121e-01 4.893513321876525879e-01
5.106697082519531250e-01 4.893302917480468750e-01
5.107214450836181641e-01 4.892785847187042236e-01
5.106793045997619629e-01 4.893207550048828125e-01
5.106287002563476562e-01 4.893712699413299561e-01
5.106453299522399902e-01 4.893546998500823975e-01
5.107188224792480469e-01 4.892812073230743408e-01
5.106787681579589844e-01 4.893212318420410156e-01
5.106179714202880859e-01 4.893819987773895264e-01
5.106275081634521484e-01 4.893725216388702393e-01
5.106566548347473145e-01 4.893434047698974609e-01
5.106269717216491699e-01 4.893730580806732178e-01
5.106466412544250488e-01 4.893533289432525635e-01
5.105939507484436035e-01 4.894060790538787842e-01
5.106967091560363770e-01 4.893033206462860107e-01
5.106865763664245605e-01 4.893134534358978271e-01
5.105178952217102051e-01 4.894821643829345703e-01
5.106234550476074219e-01 4.893766045570373535e-01
5.106282234191894531e-01 4.893717765808105469e-01
5.106371045112609863e-01 4.893629252910614014e-01
5.106948614120483398e-01 4.893052279949188232e-01
5.104777216911315918e-01 4.895223081111907959e-01
5.107065439224243164e-01 4.892934560775756836e-01
5.106983780860900879e-01 4.893016219139099121e-01
5.106671452522277832e-01 4.893328249454498291e-01
5.107554197311401367e-01 4.892445802688598633e-01
5.107077360153198242e-01 4.892923533916473389e-01
5.107151865959167480e-01 4.892847836017608643e-01
5.106467604637145996e-01 4.893532693386077881e-01
5.106905102729797363e-01 4.893095791339874268e-01
5.106289386749267578e-01 4.893710911273956299e-01
5.106256008148193359e-01 4.893744885921478271e-01
5.106169581413269043e-01 4.893830716609954834e-01
5.105907320976257324e-01 4.894092977046966553e-01
5.105750560760498047e-01 4.894249439239501953e-01
5.106662511825561523e-01 4.893337786197662354e-01
5.106840133666992188e-01 4.893159866333007812e-01
5.106198787689208984e-01 4.893801808357238770e-01
5.107739567756652832e-01 4.892260730266571045e-01
5.106656551361083984e-01 4.893342852592468262e-01
5.105713605880737305e-01 4.894285798072814941e-01
5.105577707290649414e-01 4.894421994686126709e-01
5.105348229408264160e-01 4.894651472568511963e-01
5.106466412544250488e-01 4.893533289432525635e-01
5.105699896812438965e-01 4.894300401210784912e-01
5.106840729713439941e-01 4.893158972263336182e-01
5.106411576271057129e-01 4.893588125705718994e-01
5.106887221336364746e-01 4.893112778663635254e-01
5.106371641159057617e-01 4.893628358840942383e-01
5.106299519538879395e-01 4.893701076507568359e-01
5.106806755065917969e-01 4.893193244934082031e-01
5.106223225593566895e-01 4.893777072429656982e-01
5.105682015419006348e-01 4.894318282604217529e-01
5.106455087661743164e-01 4.893544316291809082e-01
5.106654167175292969e-01 4.893345236778259277e-01
5.106166005134582520e-01 4.893833696842193604e-01
5.107818245887756348e-01 4.892182052135467529e-01
5.106250643730163574e-01 4.893748760223388672e-01
5.107163786888122559e-01 4.892836213111877441e-01
5.106424689292907715e-01 4.893575608730316162e-01
5.106433033943176270e-01 4.893566668033599854e-01
5.106958746910095215e-01 4.893041551113128662e-01
5.106399059295654297e-01 4.893600642681121826e-01
5.106096863746643066e-01 4.893903732299804688e-01
5.107473134994506836e-01 4.892526268959045410e-01
5.107590556144714355e-01 4.892408847808837891e-01
5.104753375053405762e-01 4.895246028900146484e-01
5.106263160705566406e-01 4.893737137317657471e-01
5.106091499328613281e-01 4.893907904624938965e-01
5.107230544090270996e-01 4.892769455909729004e-01
5.106234550476074219e-01 4.893765449523925781e-01
5.108714699745178223e-01 4.891285598278045654e-01
5.106396675109863281e-01 4.893603324890136719e-01
5.106589794158935547e-01 4.893410801887512207e-01
5.106933712959289551e-01 4.893066287040710449e-01
5.106197595596313477e-01 4.893802702426910400e-01
5.106678009033203125e-01 4.893322587013244629e-01
5.106692910194396973e-01 4.893306791782379150e-01
5.106588006019592285e-01 4.893412292003631592e-01
5.106876492500305176e-01 4.893123805522918701e-01
5.105663537979125977e-01 4.894337058067321777e-01
5.106936097145080566e-01 4.893064498901367188e-01
5.106822252273559570e-01 4.893178343772888184e-01
5.106936097145080566e-01 4.893064498901367188e-01
5.106902122497558594e-01 4.893098175525665283e-01
5.106434226036071777e-01 4.893565177917480469e-01
5.103830099105834961e-01 4.896170496940612793e-01
5.107042789459228516e-01 4.892956614494323730e-01
5.105671286582946777e-01 4.894329011440277100e-01
5.106938481330871582e-01 4.893061220645904541e-01
5.106508731842041016e-01 4.893491268157958984e-01
5.106134414672851562e-01 4.893865883350372314e-01
5.106600522994995117e-01 4.893399178981781006e-01
5.106804966926574707e-01 4.893195629119873047e-01
5.107005834579467773e-01 4.892994463443756104e-01
5.106712579727172852e-01 4.893287420272827148e-01
5.106564164161682129e-01 4.893436133861541748e-01
5.105872154235839844e-01 4.894127845764160156e-01
5.105487704277038574e-01 4.894512891769409180e-01
5.106715559959411621e-01 4.893283545970916748e-01
5.106409192085266113e-01 4.893590509891510010e-01
5.107094645500183105e-01 4.892905950546264648e-01
5.106532573699951172e-01 4.893468022346496582e-01
5.105726718902587891e-01 4.894273281097412109e-01
5.107126235961914062e-01 4.892873167991638184e-01
5.106721520423889160e-01 4.893278777599334717e-01
5.106548070907592773e-01 4.893451631069183350e-01
5.106390714645385742e-01 4.893609285354614258e-01
5.105052590370178223e-01 4.894948005676269531e-01
5.106852650642395020e-01 4.893146753311157227e-01
5.106919407844543457e-01 4.893081188201904297e-01
5.103545188903808594e-01 4.896455109119415283e-01
5.106236934661865234e-01 4.893762767314910889e-01
5.106680393218994141e-01 4.893319606781005859e-01
5.107262134552001953e-01 4.892737269401550293e-01
5.107695460319519043e-01 4.892305135726928711e-01
5.106108188629150391e-01 4.893891215324401855e-01
5.106449723243713379e-01 4.893549680709838867e-01
5.106660723686218262e-01 4.893339872360229492e-01
5.107643604278564453e-01 4.892356991767883301e-01
5.106247067451477051e-01 4.893752932548522949e-01
5.106825232505798340e-01 4.893174767494201660e-01
5.107570290565490723e-01 4.892430007457733154e-01
5.107327103614807129e-01 4.892672896385192871e-01
5.106668472290039062e-01 4.893331229686737061e-01
5.106436610221862793e-01 4.893563985824584961e-01
5.107689499855041504e-01 4.892309904098510742e-01
5.107002258300781250e-01 4.892997145652770996e-01
5.106244683265686035e-01 4.893755614757537842e-01
5.106320381164550781e-01 4.893679320812225342e-01
5.107641816139221191e-01 4.892357587814331055e-01
5.106952786445617676e-01 4.893046617507934570e-01
5.107046365737915039e-01 4.892953634262084961e-01
5.106804370880126953e-01 4.893196523189544678e-01
5.108624100685119629e-01 4.891375899314880371e-01
5.106145143508911133e-01 4.893854856491088867e-01
5.106314420700073242e-01 4.893686473369598389e-01
5.107839703559875488e-01 4.892160296440124512e-01
5.106451511383056641e-01 4.893549084663391113e-01
5.106671452522277832e-01 4.893328547477722168e-01
5.105857849121093750e-01 4.894142746925354004e-01
5.106152892112731934e-01 4.893846213817596436e-01
5.106251835823059082e-01 4.893748164176940918e-01
5.105753540992736816e-01 4.894246459007263184e-01
5.107397437095642090e-01 4.892602264881134033e-01
5.106668472290039062e-01 4.893331229686737061e-01
5.106852650642395020e-01 4.893146753311157227e-01
5.106098055839538574e-01 4.893902540206909180e-01
5.106952786445617676e-01 4.893046915531158447e-01
5.106825232505798340e-01 4.893174767494201660e-01
5.106837749481201172e-01 4.893162846565246582e-01
5.106663703918457031e-01 4.893336892127990723e-01
5.107698440551757812e-01 4.892301261425018311e-01
5.106739997863769531e-01 4.893259704113006592e-01
5.106822848320007324e-01 4.893177449703216553e-01
5.107689499855041504e-01 4.892309904098510742e-01
5.107653737068176270e-01 4.892346262931823730e-01
5.107135772705078125e-01 4.892864227294921875e-01
5.107493400573730469e-01 4.892507493495941162e-01
5.106737017631530762e-01 4.893262386322021484e-01
5.106179714202880859e-01 4.893819689750671387e-01
5.106956362724304199e-01 4.893043041229248047e-01
5.106424689292907715e-01 4.893575012683868408e-01
5.107036232948303223e-01 4.892964363098144531e-01
5.105939507484436035e-01 4.894060790538787842e-01
5.106275081634521484e-01 4.893724918365478516e-01
5.106508135795593262e-01 4.893491864204406738e-01
5.104846358299255371e-01 4.895153641700744629e-01
5.106542110443115234e-01 4.893457889556884766e-01
5.106267333030700684e-01 4.893732666969299316e-01
5.106098651885986328e-01 4.893901944160461426e-01
5.106378793716430664e-01 4.893621206283569336e-01
5.106660723686218262e-01 4.893339872360229492e-01
5.106840729713439941e-01 4.893158972263336182e-01
5.105654001235961914e-01 4.894345998764038086e-01
5.104688405990600586e-01 4.895311594009399414e-01
5.107001662254333496e-01 4.892998635768890381e-01
5.106158852577209473e-01 4.893841147422790527e-01
5.106869339942932129e-01 4.893131256103515625e-01
5.106241106986999512e-01 4.893759787082672119e-01
5.106769204139709473e-01 4.893230795860290527e-01
5.106351971626281738e-01 4.893647730350494385e-01
5.106065273284912109e-01 4.893933832645416260e-01
5.106188654899597168e-01 4.893811643123626709e-01
5.106200575828552246e-01 4.893799424171447754e-01
5.106574892997741699e-01 4.893425405025482178e-01
5.106447935104370117e-01 4.893552660942077637e-01
5.107937455177307129e-01 4.892062842845916748e-01
5.107293725013732910e-01 4.892706573009490967e-01
5.106234550476074219e-01 4.893766045570373535e-01
5.107184052467346191e-01 4.892815649509429932e-01
5.106499195098876953e-01 4.893499910831451416e-01
5.107235908508300781e-01 4.892764985561370850e-01
5.105924606323242188e-01 4.894075095653533936e-01
5.106513500213623047e-01 4.893485605716705322e-01
5.105653405189514160e-01 4.894347190856933594e-01
5.106363892555236816e-01 4.893636107444763184e-01
5.107029080390930176e-01 4.892970621585845947e-01
5.105963945388793945e-01 4.894035458564758301e-01
5.107262134552001953e-01 4.892737269401550293e-01
5.107443332672119141e-01 4.892556667327880859e-01
5.106340050697326660e-01 4.893659055233001709e-01
5.107766389846801758e-01 4.892233610153198242e-01
5.106551647186279297e-01 4.893448054790496826e-01
5.106021165847778320e-01 4.893978834152221680e-01
5.106815695762634277e-01 4.893184304237365723e-01
5.105663537979125977e-01 4.894337058067321777e-01
5.107005834579467773e-01 4.892994463443756104e-01
5.106199979782104492e-01 4.893800020217895508e-01
5.106841921806335449e-01 4.893158078193664551e-01
5.106995701789855957e-01 4.893004298210144043e-01
5.105696916580200195e-01 4.894303679466247559e-01
5.106710195541381836e-01 4.893289506435394287e-01
5.106550455093383789e-01 4.893448948860168457e-01
5.106968879699707031e-01 4.893031418323516846e-01
5.106323957443237305e-01 4.893676042556762695e-01
5.106742382049560547e-01 4.893257915973663330e-01
5.107054114341735840e-01 4.892946183681488037e-01
5.106899142265319824e-01 4.893101155757904053e-01
5.106726884841918945e-01 4.893273115158081055e-01
5.107281804084777832e-01 4.892717897891998291e-01
5.106264352798461914e-01 4.893735647201538086e-01
5.106979012489318848e-01 4.893021583557128906e-01
5.106895565986633301e-01 4.893104434013366699e-01
5.106436610221862793e-01 4.893563687801361084e-01
5.106387138366699219e-01 4.893612563610076904e-01
5.106704235076904297e-01 4.893295764923095703e-01
5.106804966926574707e-01 4.893195629119873047e-01
5.106695890426635742e-01 4.893304109573364258e-01
5.106514096260070801e-01 4.893485605716705322e-01
5.106387138366699219e-01 4.893612861633300781e-01
5.106098651885986328e-01 4.893901348114013672e-01
5.106627345085144043e-01 4.893372058868408203e-01
5.106720924377441406e-01 4.893278777599334717e-01
5.106697082519531250e-01 4.893302917480468750e-01
5.104737877845764160e-01 4.895261526107788086e-01
5.106306076049804688e-01 4.893694221973419189e-01
5.106707215309143066e-01 4.893293082714080811e-01
5.106360316276550293e-01 4.893640279769897461e-01
5.106904506683349609e-01 4.893095493316650391e-01
5.105864405632019043e-01 4.894136190414428711e-01
5.106744766235351562e-01 4.893254935741424561e-01
5.105328559875488281e-01 4.894671440124511719e-01
5.106836557388305664e-01 4.893163740634918213e-01
5.106517672538757324e-01 4.893482029438018799e-01
5.105625391006469727e-01 4.894375205039978027e-01
5.106261372566223145e-01 4.893738627433776855e-01
5.106018185615539551e-01 4.893981516361236572e-01
5.105756521224975586e-01 4.894243776798248291e-01
5.107348561286926270e-01 4.892650544643402100e-01
5.107029676437377930e-01 4.892970025539398193e-01
5.106354355812072754e-01 4.893644750118255615e-01
5.106973648071289062e-01 4.893026649951934814e-01
5.105939507484436035e-01 4.894060790538787842e-01
5.105818510055541992e-01 4.894181191921234131e-01
5.106844902038574219e-01 4.893154501914978027e-01
5.107318758964538574e-01 4.892681241035461426e-01
5.105487108230590820e-01 4.894513189792633057e-01
5.106851458549499512e-01 4.893148541450500488e-01
5.107313990592956543e-01 4.892686605453491211e-01
5.106558799743652344e-01 4.893441498279571533e-01
5.106620788574218750e-01 4.893379211425781250e-01
5.107809901237487793e-01 4.892190098762512207e-01
5.106239914894104004e-01 4.893760085105895996e-01
5.106670856475830078e-01 4.893329441547393799e-01
5.106990933418273926e-01 4.893009662628173828e-01
5.107656717300415039e-01 4.892342686653137207e-01
5.107014775276184082e-01 4.892984628677368164e-01
5.106706023216247559e-01 4.893293678760528564e-01
5.107231736183166504e-01 4.892768561840057373e-01
5.106837153434753418e-01 4.893162548542022705e-01
5.106528401374816895e-01 4.893471002578735352e-01
5.106331110000610352e-01 4.893669486045837402e-01
5.106478929519653320e-01 4.893520772457122803e-01
5.106534957885742188e-01 4.893464744091033936e-01
5.105042457580566406e-01 4.894957244396209717e-01
5.105779170989990234e-01 4.894220829010009766e-01
5.106700062751770020e-01 4.893300235271453857e-01
5.106512308120727539e-01 4.893487989902496338e-01
5.105991959571838379e-01 4.894008040428161621e-01
5.107493996620178223e-01 4.892506003379821777e-01
5.106270313262939453e-01 4.893730580806732178e-01
5.106499791145324707e-01 4.893499612808227539e-01
5.107538700103759766e-01 4.892461597919464111e-01
5.106638073921203613e-01 4.893362224102020264e-01
5.107172727584838867e-01 4.892827570438385010e-01
5.105744004249572754e-01 4.894255399703979492e-01
5.107041001319885254e-01 4.892958998680114746e-01
5.106419920921325684e-01 4.893580079078674316e-01
5.106769800186157227e-01 4.893229901790618896e-01
5.107125043869018555e-01 4.892875254154205322e-01
5.107422471046447754e-01 4.892577826976776123e-01
5.107139348983764648e-01 4.892860651016235352e-01
5.106107592582702637e-01 4.893891811370849609e-01
5.107214450836181641e-01 4.892785847187042236e-01
5.106466412544250488e-01 4.893532991409301758e-01
5.106425881385803223e-01 4.893573820590972900e-01
5.106998085975646973e-01 4.893001616001129150e-01
5.107818245887756348e-01 4.892182052135467529e-01
5.108334422111511230e-01 4.891666471958160400e-01
5.105984210968017578e-01 4.894015491008758545e-01
5.106344819068908691e-01 4.893655180931091309e-01
5.105873942375183105e-01 4.894126057624816895e-01
5.106484293937683105e-01 4.893515706062316895e-01
5.106865763664245605e-01 4.893134236335754395e-01
5.107143521308898926e-01 4.892856180667877197e-01
5.106719136238098145e-01 4.893281161785125732e-01
5.106029510498046875e-01 4.893970191478729248e-01
5.106349587440490723e-01 4.893650710582733154e-01
5.106467604637145996e-01 4.893532693386077881e-01
5.106063485145568848e-01 4.893936216831207275e-01
5.106252431869506836e-01 4.893746972084045410e-01
5.106821656227111816e-01 4.893178343772888184e-01
5.106371045112609863e-01 4.893629252910614014e-01
5.107128620147705078e-01 4.892871677875518799e-01
5.106542110443115234e-01 4.893456995487213135e-01
5.106351971626281738e-01 4.893647730350494385e-01
5.107125639915466309e-01 4.892874658107757568e-01
5.106964111328125000e-01 4.893035888671875000e-01
5.105302929878234863e-01 4.894697368144989014e-01
5.106506943702697754e-01 4.893493354320526123e-01
5.106140375137329102e-01 4.893859624862670898e-01
5.107795596122741699e-01 4.892204701900482178e-01
5.106527805328369141e-01 4.893471896648406982e-01
5.106266736984252930e-01 4.893732666969299316e-01
5.106536149978637695e-01 4.893463551998138428e-01
5.106934905052185059e-01 4.893065094947814941e-01
5.106526613235473633e-01 4.893473088741302490e-01
5.106676816940307617e-01 4.893323183059692383e-01
5.106970667839050293e-01 4.893029928207397461e-01
5.107973814010620117e-01 4.892025887966156006e-01
5.106557607650756836e-01 4.893441796302795410e-01
5.106558799743652344e-01 4.893441796302795410e-01
5.106301903724670410e-01 4.893697798252105713e-01
5.106289386749267578e-01 4.893710911273956299e-01
5.103953480720520020e-01 4.896046817302703857e-01
5.107207894325256348e-01 4.892791807651519775e-01
5.106322765350341797e-01 4.893676638603210449e-01
5.106533765792846680e-01 4.893466234207153320e-01
5.106420516967773438e-01 4.893578886985778809e-01
5.106978416442871094e-01 4.893021583557128906e-01
5.106323957443237305e-01 4.893676340579986572e-01
5.106769800186157227e-01 4.893229901790618896e-01
5.106433033943176270e-01 4.893566668033599854e-01
5.107067823410034180e-01 4.892932772636413574e-01
5.107196569442749023e-01 4.892804026603698730e-01
5.107160210609436035e-01 4.892839491367340088e-01
5.106258988380432129e-01 4.893741309642791748e-01
5.106155872344970703e-01 4.893844425678253174e-01
5.107774734497070312e-01 4.892224967479705811e-01
5.107229351997375488e-01 4.892770349979400635e-01
5.107065439224243164e-01 4.892934560775756836e-01
5.107122063636779785e-01 4.892878532409667969e-01
5.106338262557983398e-01 4.893661439418792725e-01
5.106911063194274902e-01 4.893088936805725098e-01
5.106301903724670410e-01 4.893698096275329590e-01
5.106672048568725586e-01 4.893327653408050537e-01
5.106942653656005859e-01 4.893057048320770264e-01
5.106503367424011230e-01 4.893497228622436523e-01
5.106588006019592285e-01 4.893412888050079346e-01
5.106968879699707031e-01 4.893031418323516846e-01
5.105409026145935059e-01 4.894591271877288818e-01
5.106472969055175781e-01 4.893527030944824219e-01
5.106207132339477539e-01 4.893793165683746338e-01
5.106844902038574219e-01 4.893154501914978027e-01
5.107172727584838867e-01 4.892827570438385010e-01
5.106340646743774414e-01 4.893658459186553955e-01
5.106319189071655273e-01 4.893680810928344727e-01
5.106619000434875488e-01 4.893381297588348389e-01
5.107597708702087402e-01 4.892401993274688721e-01
5.106574892997741699e-01 4.893425107002258301e-01
5.106807351112365723e-01 4.893192350864410400e-01
5.107253789901733398e-01 4.892745912075042725e-01
5.105668902397155762e-01 4.894330501556396484e-01
5.106448531150817871e-01 4.893551170825958252e-01
5.106461048126220703e-01 4.893539547920227051e-01
5.107532739639282227e-01 4.892466664314270020e-01
5.106405019760131836e-01 4.893594682216644287e-01
5.107144713401794434e-01 4.892855584621429443e-01
5.106852650642395020e-01 4.893146753311157227e-01
5.106498599052429199e-01 4.893500804901123047e-01
5.104967355728149414e-01 4.895032346248626709e-01
5.106688737869262695e-01 4.893311262130737305e-01
5.106847286224365234e-01 4.893153011798858643e-01
5.105940103530883789e-01 4.894060194492340088e-01
5.107375979423522949e-01 4.892624020576477051e-01
5.107774734497070312e-01 4.892224967479705811e-01
5.107041001319885254e-01 4.892958998680114746e-01
5.107375383377075195e-01 4.892624020576477051e-01
5.105633139610290527e-01 4.894366860389709473e-01
5.106822252273559570e-01 4.893178343772888184e-01
5.106963515281677246e-01 4.893036782741546631e-01
5.107752084732055664e-01 4.892248511314392090e-01
5.107436180114746094e-01 4.892564713954925537e-01
5.105429291725158691e-01 4.894571304321289062e-01
5.106546878814697266e-01 4.893452823162078857e-01
5.107795596122741699e-01 4.892204701900482178e-01
5.106400251388549805e-01 4.893600344657897949e-01
5.106288790702819824e-01 4.893710911273956299e-01
5.106362104415893555e-01 4.893637895584106445e-01
5.106345415115356445e-01 4.893654882907867432e-01
5.106815099716186523e-01 4.893184304237365723e-01
5.106073021888732910e-01 4.893926680088043213e-01
5.106363892555236816e-01 4.893636107444763184e-01
5.106837749481201172e-01 4.893161952495574951e-01
5.106936097145080566e-01 4.893064498901367188e-01
5.106881260871887207e-01 4.893118143081665039e-01
5.103830099105834961e-01 4.896170496940612793e-01
5.106603503227233887e-01 4.893397092819213867e-01
5.103830099105834961e-01 4.896170496940612793e-01
5.106233954429626465e-01 4.893766641616821289e-01
5.106458067893981934e-01 4.893542826175689697e-01
5.107024312019348145e-01 4.892975986003875732e-01
5.106317400932312012e-01 4.893682301044464111e-01
5.106877684593200684e-01 4.893122017383575439e-01
5.106825232505798340e-01 4.893175065517425537e-01
5.105637311935424805e-01 4.894362986087799072e-01
5.107495784759521484e-01 4.892504513263702393e-01
5.106840729713439941e-01 4.893158972263336182e-01
5.107494592666625977e-01 4.892505109310150146e-01
5.106422901153564453e-01 4.893577396869659424e-01
5.108171701431274414e-01 4.891828000545501709e-01
5.106220841407775879e-01 4.893778860569000244e-01
5.106547474861145020e-01 4.893452823162078857e-01
5.106660723686218262e-01 4.893339872360229492e-01
5.106980800628662109e-01 4.893018901348114014e-01
5.105715394020080566e-01 4.894284605979919434e-01
5.107375979423522949e-01 4.892624020576477051e-01
5.106025338172912598e-01 4.893974959850311279e-01
5.105653405189514160e-01 4.894347190856933594e-01
5.106036663055419922e-01 4.893962740898132324e-01
5.106961131095886230e-01 4.893038272857666016e-01
5.106610059738159180e-01 4.893389940261840820e-01
5.106223225593566895e-01 4.893777072429656982e-01
5.107172727584838867e-01 4.892827570438385010e-01
5.106527805328369141e-01 4.893471896648406982e-01
5.104737877845764160e-01 4.895261526107788086e-01
5.106129646301269531e-01 4.893870651721954346e-01
5.106534957885742188e-01 4.893464744091033936e-01
5.106245279312133789e-01 4.893754720687866211e-01
5.106604099273681641e-01 4.893395602703094482e-01
5.107067823410034180e-01 4.892932772636413574e-01
5.107554197311401367e-01 4.892445802688598633e-01
5.106232762336730957e-01 4.893766641616821289e-01
5.106825232505798340e-01 4.893175065517425537e-01
5.106052756309509277e-01 4.893947243690490723e-01
5.105541348457336426e-01 4.894458949565887451e-01
5.106605291366577148e-01 4.893394708633422852e-01
5.107102990150451660e-01 4.892897009849548340e-01
5.105499625205993652e-01 4.894500374794006348e-01
5.107073783874511719e-01 4.892926216125488281e-01
5.107038021087646484e-01 4.892962276935577393e-01
5.107037425041198730e-01 4.892962872982025146e-01
5.107054114341735840e-01 4.892946183681488037e-01
5.106357336044311523e-01 4.893642663955688477e-01
5.105663537979125977e-01 4.894337058067321777e-01
5.107274055480957031e-01 4.892726242542266846e-01
5.107503533363342285e-01 4.892496466636657715e-01
5.106647014617919922e-01 4.893352985382080078e-01
5.106715559959411621e-01 4.893283545970916748e-01
5.106593966484069824e-01 4.893405735492706299e-01
5.105444192886352539e-01 4.894556105136871338e-01
5.106238722801208496e-01 4.893760681152343750e-01
5.106562376022338867e-01 4.893437922000885010e-01
5.105776190757751465e-01 4.894223809242248535e-01
5.106416344642639160e-01 4.893584251403808594e-01
5.107942223548889160e-01 4.892057478427886963e-01
5.106360912322998047e-01 4.893638789653778076e-01
5.106726884841918945e-01 4.893273115158081055e-01
5.107088088989257812e-01 4.892912209033966064e-01
5.106844305992126465e-01 4.893155395984649658e-01
5.105882287025451660e-01 4.894117414951324463e-01
5.106499195098876953e-01 4.893500506877899170e-01
5.106964707374572754e-01 4.893035292625427246e-01
5.105736851692199707e-01 4.894263148307800293e-01
5.106542706489562988e-01 4.893457293510437012e-01
5.106869339942932129e-01 4.893130362033843994e-01
5.105850696563720703e-01 4.894149899482727051e-01
5.106122493743896484e-01 4.893877804279327393e-01
5.105858445167541504e-01 4.894141852855682373e-01
5.106670260429382324e-01 4.893329739570617676e-01
5.106051564216613770e-01 4.893947541713714600e-01
5.106184482574462891e-01 4.893815815448760986e-01
5.105895996093750000e-01 4.894104301929473877e-01
5.106467604637145996e-01 4.893532395362854004e-01
5.106409192085266113e-01 4.893590509891510010e-01
5.106715559959411621e-01 4.893283545970916748e-01
5.106703639030456543e-01 4.893297255039215088e-01
5.107054114341735840e-01 4.892946183681488037e-01
5.106405019760131836e-01 4.893595576286315918e-01
5.106141567230224609e-01 4.893858432769775391e-01
5.106161236763000488e-01 4.893838465213775635e-01
5.106372833251953125e-01 4.893627464771270752e-01
5.106902718544006348e-01 4.893096685409545898e-01
5.105846524238586426e-01 4.894153177738189697e-01
5.106796026229858398e-01 4.893203973770141602e-01
5.106974840164184570e-01 4.893024265766143799e-01
5.106627345085144043e-01 4.893372058868408203e-01
5.106778740882873535e-01 4.893221259117126465e-01
5.106948018074035645e-01 4.893051981925964355e-01
5.106599926948547363e-01 4.893399178981781006e-01
5.107564926147460938e-01 4.892435967922210693e-01
5.106772184371948242e-01 4.893227815628051758e-01
5.108075737953186035e-01 4.891924560070037842e-01
5.107532143592834473e-01 4.892467558383941650e-01
5.107194185256958008e-01 4.892805516719818115e-01
5.106494426727294922e-01 4.893505573272705078e-01
5.106330513954162598e-01 4.893669188022613525e-01
5.106039047241210938e-01 4.893961846828460693e-01
5.106593966484069824e-01 4.893405735492706299e-01
5.106866955757141113e-01 4.893133342266082764e-01
5.106534957885742188e-01 4.893464744091033936e-01
5.106671452522277832e-01 4.893328249454498291e-01
5.107677578926086426e-01 4.892321527004241943e-01
5.107044577598571777e-01 4.892955720424652100e-01
5.106236934661865234e-01 4.893762767314910889e-01
5.106861591339111328e-01 4.893138706684112549e-01
5.106444358825683594e-01 4.893556535243988037e-01
5.106787681579589844e-01 4.893211424350738525e-01
5.107468962669372559e-01 4.892531037330627441e-01
5.106911063194274902e-01 4.893088936805725098e-01
5.106869339942932129e-01 4.893130362033843994e-01
5.105666518211364746e-01 4.894333481788635254e-01
5.107017159461975098e-01 4.892983138561248779e-01
5.104967355728149414e-01 4.895032346248626709e-01
5.106752514839172363e-01 4.893246889114379883e-01
5.106639266014099121e-01 4.893360435962677002e-01
5.105943679809570312e-01 4.894056022167205811e-01
5.106303691864013672e-01 4.893695712089538574e-01
5.106289386749267578e-01 4.893710911273956299e-01
5.106778740882873535e-01 4.893220961093902588e-01
5.105789899826049805e-01 4.894209206104278564e-01
5.106077790260314941e-01 4.893922507762908936e-01
5.106937885284423828e-01 4.893062710762023926e-01
5.106186866760253906e-01 4.893812835216522217e-01
5.106343626976013184e-01 4.893656075000762939e-01
5.106976032257080078e-01 4.893023967742919922e-01
5.107155442237854004e-01 4.892844557762145996e-01
5.106779932975769043e-01 4.893219769001007080e-01
5.106773376464843750e-01 4.893226027488708496e-01
5.106979608535766602e-01 4.893020987510681152e-01
5.106002688407897949e-01 4.893997907638549805e-01
5.106496214866638184e-01 4.893503785133361816e-01
5.107327103614807129e-01 4.892672896385192871e-01
5.107142925262451172e-01 4.892857074737548828e-01
5.106983780860900879e-01 4.893016815185546875e-01
5.105625391006469727e-01 4.894375205039978027e-01
5.107552409172058105e-01 4.892447888851165771e-01
5.106585621833801270e-01 4.893414378166198730e-01
5.105082988739013672e-01 4.894916713237762451e-01
5.105711817741394043e-01 4.894288778305053711e-01
5.106768012046813965e-01 4.893231689929962158e-01
5.105386376380920410e-01 4.894613325595855713e-01
5.106309652328491211e-01 4.893690645694732666e-01
5.107213854789733887e-01 4.892786741256713867e-01
5.106840729713439941e-01 4.893159866333007812e-01
5.106710195541381836e-01 4.893289506435394287e-01
5.106837749481201172e-01 4.893161654472351074e-01
5.107244253158569336e-01 4.892755448818206787e-01
5.107832551002502441e-01 4.892167747020721436e-01
5.106542706489562988e-01 4.893457293510437012e-01
5.106086134910583496e-01 4.893913567066192627e-01
5.108007192611694336e-01 4.891993403434753418e-01
5.107055902481079102e-01 4.892944693565368652e-01
5.107414722442626953e-01 4.892584979534149170e-01
5.106583237648010254e-01 4.893417060375213623e-01
5.107078552246093750e-01 4.892922043800354004e-01
5.106958150863647461e-01 4.893041849136352539e-01
5.105327367782592773e-01 4.894672632217407227e-01
5.106241106986999512e-01 4.893759787082672119e-01
5.106636285781860352e-01 4.893364012241363525e-01
5.106602311134338379e-01 4.893397688865661621e-01
5.106340646743774414e-01 4.893658459186553955e-01
5.106315612792968750e-01 4.893684685230255127e-01
5.107643604278564453e-01 4.892356991767883301e-01
5.107391476631164551e-01 4.892607629299163818e-01
5.106377005577087402e-01 4.893622398376464844e-01
5.106790065765380859e-01 4.893210828304290771e-01
5.107250809669494629e-01 4.892750084400177002e-01
5.106386542320251465e-01 4.893614351749420166e-01
5.106443762779235840e-01 4.893556833267211914e-01
5.107030272483825684e-01 4.892969727516174316e-01
5.106267333030700684e-01 4.893732368946075439e-01
5.106149911880493164e-01 4.893850386142730713e-01
5.107067823410034180e-01 4.892932772636413574e-01
5.107698440551757812e-01 4.892301559448242188e-01
5.106821656227111816e-01 4.893178045749664307e-01
5.106656551361083984e-01 4.893342852592468262e-01
5.107194185256958008e-01 4.892805516719818115e-01
5.106922388076782227e-01 4.893078207969665527e-01
5.106968879699707031e-01 4.893031418323516846e-01
5.105687975883483887e-01 4.894311726093292236e-01
5.106806755065917969e-01 4.893193840980529785e-01
5.106878280639648438e-01 4.893121421337127686e-01
5.106317996978759766e-01 4.893681704998016357e-01
5.106757879257202148e-01 4.893241524696350098e-01
5.107244253158569336e-01 4.892755448818206787e-01
5.108440518379211426e-01 4.891559779644012451e-01
5.105978250503540039e-01 4.894021749496459961e-01
5.106176137924194336e-01 4.893824160099029541e-01
5.104695558547973633e-01 4.895305335521697998e-01
5.106161236763000488e-01 4.893839061260223389e-01
5.106267333030700684e-01 4.893732368946075439e-01
5.106792449951171875e-01 4.893207252025604248e-01
5.106576085090637207e-01 4.893423616886138916e-01
5.106956362724304199e-01 4.893043041229248047e-01
5.106726884841918945e-01 4.893273115158081055e-01
5.105690360069274902e-01 4.894309937953948975e-01
5.106438398361206055e-01 4.893561303615570068e-01
5.106858015060424805e-01 4.893142282962799072e-01
5.106151700019836426e-01 4.893847405910491943e-01
5.106393098831176758e-01 4.893606603145599365e-01
5.106691718101501465e-01 4.893307983875274658e-01
5.106368660926818848e-01 4.893630445003509521e-01
5.107937455177307129e-01 4.892062842845916748e-01
5.108137130737304688e-01 4.891862869262695312e-01
5.106467604637145996e-01 4.893532693386077881e-01
5.106782913208007812e-01 4.893217682838439941e-01
5.107695460319519043e-01 4.892305135726928711e-01
5.106719136238098145e-01 4.893281459808349609e-01
5.106946825981140137e-01 4.893053174018859863e-01
5.107145309448242188e-01 4.892854392528533936e-01
5.106714963912963867e-01 4.893284738063812256e-01
5.106443762779235840e-01 4.893556833267211914e-01
5.106789469718933105e-01 4.893211126327514648e-01
5.107144117355346680e-01 4.892855882644653320e-01
5.106170177459716797e-01 4.893830120563507080e-01
5.106899142265319824e-01 4.893101155757904053e-01
5.106415748596191406e-01 4.893584847450256348e-01
5.106345415115356445e-01 4.893654286861419678e-01
5.106253027915954590e-01 4.893746972084045410e-01
5.106524229049682617e-01 4.893476366996765137e-01
5.105907320976257324e-01 4.894092977046966553e-01
5.106793045997619629e-01 4.893207550048828125e-01
5.106880664825439453e-01 4.893119633197784424e-01
5.106890201568603516e-01 4.893110096454620361e-01
5.106440782546997070e-01 4.893559217453002930e-01
5.106865167617797852e-01 4.893135130405426025e-01
5.106928944587707520e-01 4.893070459365844727e-01
5.107786655426025391e-01 4.892213046550750732e-01
5.105757117271423340e-01 4.894242882728576660e-01
5.107397437095642090e-01 4.892602264881134033e-01
5.106875896453857422e-01 4.893124103546142578e-01
5.106762051582336426e-01 4.893237650394439697e-01
5.106498003005981445e-01 4.893501996994018555e-01
5.106670260429382324e-01 4.893329143524169922e-01
5.106678605079650879e-01 4.893321692943572998e-01
5.106332302093505859e-01 4.893667697906494141e-01
5.105153322219848633e-01 4.894846677780151367e-01
5.106782317161560059e-01 4.893217682838439941e-01
5.105472803115844727e-01 4.894526898860931396e-01
5.106756091117858887e-01 4.893244206905364990e-01
5.106354355812072754e-01 4.893645048141479492e-01
5.106152892112731934e-01 4.893847107887268066e-01
5.106707215309143066e-01 4.893292486667633057e-01
5.107753276824951172e-01 4.892246723175048828e-01
5.107286572456359863e-01 4.892713725566864014e-01
5.106234550476074219e-01 4.893765449523925781e-01
5.107414722442626953e-01 4.892584979534149170e-01
5.106782913208007812e-01 4.893216788768768311e-01
5.105189085006713867e-01 4.894810318946838379e-01
5.106882452964782715e-01 4.893117547035217285e-01
5.106202363967895508e-01 4.893798232078552246e-01
5.106816291809082031e-01 4.893183708190917969e-01
5.104743242263793945e-01 4.895256757736206055e-01
5.107021927833557129e-01 4.892978370189666748e-01
5.107079744338989258e-01 4.892920255661010742e-01
5.106726884841918945e-01 4.893273115158081055e-01
5.105975866317749023e-01 4.894023537635803223e-01
5.106650590896606445e-01 4.893348813056945801e-01
5.107076168060302734e-01 4.892922937870025635e-01
5.105853676795959473e-01 4.894146025180816650e-01
5.106177330017089844e-01 4.893822073936462402e-01
5.106849670410156250e-01 4.893150925636291504e-01
5.107625126838684082e-01 4.892375469207763672e-01
5.106316208839416504e-01 4.893684089183807373e-01
5.106423497200012207e-01 4.893576800823211670e-01
5.106550455093383789e-01 4.893448948860168457e-01
5.106964707374572754e-01 4.893035292625427246e-01
5.106143951416015625e-01 4.893856048583984375e-01
5.106416344642639160e-01 4.893583655357360840e-01
5.106203556060791016e-01 4.893795847892761230e-01
5.106227397918701172e-01 4.893772900104522705e-01
5.106244683265686035e-01 4.893755018711090088e-01
5.107768774032592773e-01 4.892230927944183350e-01
5.105815529823303223e-01 4.894183874130249023e-01
5.106440782546997070e-01 4.893559515476226807e-01
5.106970071792602539e-01 4.893030524253845215e-01
5.106604099273681641e-01 4.893395602703094482e-01
5.106080770492553711e-01 4.893918931484222412e-01
5.106757879257202148e-01 4.893242418766021729e-01
5.105924606323242188e-01 4.894075095653533936e-01
5.106714963912963867e-01 4.893284440040588379e-01
5.106803178787231445e-01 4.893196821212768555e-01
5.106704235076904297e-01 4.893296658992767334e-01
5.106220245361328125e-01 4.893780350685119629e-01
5.106673240661621094e-01 4.893326461315155029e-01
5.106198191642761230e-01 4.893802106380462646e-01
5.107838511466979980e-01 4.892162084579467773e-01
5.107092261314392090e-01 4.892908036708831787e-01
5.106960535049438477e-01 4.893038868904113770e-01
5.106154680252075195e-01 4.893845319747924805e-01
5.108068585395812988e-01 4.891931712627410889e-01
5.107024312019348145e-01 4.892975986003875732e-01
5.106665492057800293e-01 4.893333911895751953e-01
5.107321143150329590e-01 4.892679750919342041e-01
5.106262564659118652e-01 4.893737733364105225e-01
5.106161236763000488e-01 4.893838465213775635e-01
5.106353759765625000e-01 4.893645644187927246e-01
5.107179284095764160e-01 4.892821311950683594e-01
5.107184052467346191e-01 4.892815649509429932e-01
5.106613636016845703e-01 4.893386662006378174e-01
5.106070041656494141e-01 4.893929958343505859e-01
5.106960535049438477e-01 4.893038868904113770e-01
5.106785893440246582e-01 4.893213510513305664e-01
5.107308626174926758e-01 4.892691373825073242e-01
5.106207132339477539e-01 4.893793165683746338e-01
5.105671882629394531e-01 4.894328415393829346e-01
5.105918645858764648e-01 4.894081652164459229e-01
5.105465650558471680e-01 4.894533753395080566e-01
5.106422305107116699e-01 4.893577992916107178e-01
5.106364488601684570e-01 4.893636107444763184e-01
5.106978416442871094e-01 4.893021583557128906e-01
5.106415748596191406e-01 4.893584847450256348e-01
5.106693506240844727e-01 4.893306493759155273e-01
5.106056928634643555e-01 4.893943667411804199e-01
5.106633305549621582e-01 4.893366992473602295e-01
5.106134414672851562e-01 4.893865883350372314e-01
5.106371641159057617e-01 4.893629252910614014e-01
5.106919407844543457e-01 4.893081188201904297e-01
5.107192993164062500e-01 4.892807900905609131e-01
5.104985833168029785e-01 4.895014166831970215e-01
5.106765031814575195e-01 4.893235266208648682e-01
5.106656551361083984e-01 4.893342852592468262e-01
5.106444954872131348e-01 4.893555641174316406e-01
5.106953978538513184e-01 4.893045723438262939e-01
5.105823278427124023e-01 4.894177019596099854e-01
5.106525421142578125e-01 4.893474578857421875e-01
5.107750892639160156e-01 4.892249107360839844e-01
5.106354355812072754e-01 4.893645346164703369e-01
5.106416344642639160e-01 4.893583655357360840e-01
5.106335282325744629e-01 4.893664419651031494e-01
5.106967687606811523e-01 4.893031716346740723e-01
5.106893777847290039e-01 4.893106520175933838e-01
5.106426477432250977e-01 4.893573224544525146e-01
5.107283592224121094e-01 4.892716109752655029e-01
5.106930136680603027e-01 4.893070161342620850e-01
5.105928182601928711e-01 4.894071817398071289e-01
5.107001066207885742e-01 4.892998337745666504e-01
5.106344819068908691e-01 4.893655180931091309e-01
5.106260776519775391e-01 4.893738627433776855e-01
5.106642842292785645e-01 4.893357157707214355e-01
5.106790661811828613e-01 4.893209934234619141e-01
5.107071399688720703e-01 4.892929196357727051e-01
5.106459259986877441e-01 4.893541038036346436e-01
5.106942057609558105e-01 4.893058538436889648e-01
5.106424689292907715e-01 4.893575310707092285e-01
5.107054114341735840e-01 4.892945885658264160e-01
5.106217265129089355e-01 4.893782734870910645e-01
5.106414556503295898e-01 4.893586039543151855e-01
5.106490850448608398e-01 4.893509149551391602e-01
5.104975700378417969e-01 4.895025193691253662e-01
5.106337666511535645e-01 4.893662631511688232e-01
5.105085372924804688e-01 4.894915223121643066e-01
5.106813311576843262e-01 4.893186986446380615e-01
5.106533169746398926e-01 4.893467426300048828e-01
5.105189085006713867e-01 4.894810318946838379e-01
5.106967091560363770e-01 4.893033206462860107e-01
5.105630159378051758e-01 4.894368946552276611e-01
5.106805562973022461e-01 4.893194437026977539e-01
5.106878280639648438e-01 4.893121421337127686e-01
5.106157064437866211e-01 4.893843233585357666e-01
5.106438398361206055e-01 4.893561303615570068e-01
5.107172727584838867e-01 4.892827570438385010e-01
5.107343196868896484e-01 4.892656505107879639e-01
5.106537342071533203e-01 4.893463253974914551e-01
5.106289982795715332e-01 4.893709421157836914e-01
5.107222199440002441e-01 4.892777502536773682e-01
5.106387138366699219e-01 4.893612563610076904e-01
5.105625391006469727e-01 4.894375205039978027e-01
5.106608271598815918e-01 4.893391132354736328e-01
5.107114315032958984e-01 4.892885386943817139e-01
5.105769038200378418e-01 4.894231259822845459e-01
5.107216238975524902e-01 4.892784059047698975e-01
5.107405781745910645e-01 4.892593622207641602e-01
5.106960535049438477e-01 4.893038868904113770e-01
5.106388926506042480e-01 4.893611371517181396e-01
5.106978416442871094e-01 4.893021583557128906e-01
5.106741189956665039e-01 4.893258810043334961e-01
5.106232166290283203e-01 4.893768131732940674e-01
5.105764865875244141e-01 4.894235134124755859e-01
5.107841491699218750e-01 4.892158508300781250e-01
5.105872750282287598e-01 4.894127249717712402e-01
5.105670094490051270e-01 4.894329607486724854e-01
5.106806755065917969e-01 4.893193840980529785e-01
5.106844305992126465e-01 4.893155097961425781e-01
5.104909539222717285e-01 4.895090758800506592e-01
5.106602907180786133e-01 4.893397688865661621e-01
5.106134414672851562e-01 4.893865585327148438e-01
5.106979608535766602e-01 4.893020689487457275e-01
5.106289386749267578e-01 4.893710613250732422e-01
5.106405019760131836e-01 4.893594682216644287e-01
5.106857419013977051e-01 4.893142282962799072e-01
5.106075406074523926e-01 4.893925189971923828e-01
5.106309056282043457e-01 4.893691241741180420e-01
5.107357501983642578e-01 4.892643094062805176e-01
5.106306672096252441e-01 4.893693029880523682e-01
5.106614828109741211e-01 4.893384277820587158e-01
5.106362104415893555e-01 4.893637895584106445e-01
5.106797218322753906e-01 4.893202781677246094e-01
5.106447935104370117e-01 4.893552064895629883e-01
5.106025934219360352e-01 4.893974363803863525e-01
5.107282996177673340e-01 4.892717599868774414e-01
5.106393098831176758e-01 4.893606603145599365e-01
5.106890797615051270e-01 4.893109798431396484e-01
5.106276273727416992e-01 4.893723130226135254e-01
5.107039809226989746e-01 4.892959892749786377e-01
5.106303691864013672e-01 4.893696308135986328e-01
5.106370449066162109e-01 4.893629550933837891e-01
5.106945633888244629e-01 4.893053472042083740e-01
5.106884241104125977e-01 4.893116056919097900e-01
5.106449127197265625e-01 4.893550574779510498e-01
5.106902718544006348e-01 4.893096685409545898e-01
5.106976628303527832e-01 4.893023967742919922e-01
5.106309056282043457e-01 4.893691241741180420e-01
5.105822682380676270e-01 4.894177615642547607e-01
5.107411742210388184e-01 4.892587959766387939e-01
5.107594728469848633e-01 4.892405569553375244e-01
5.106289386749267578e-01 4.893710911273956299e-01
5.107197761535644531e-01 4.892801940441131592e-01
5.106739997863769531e-01 4.893259704113006592e-01
5.107094645500183105e-01 4.892905950546264648e-01
5.107398629188537598e-01 4.892601668834686279e-01
5.106941461563110352e-01 4.893059134483337402e-01
5.106801986694335938e-01 4.893197715282440186e-01
5.105764865875244141e-01 4.894235134124755859e-01
5.105690360069274902e-01 4.894309937953948975e-01
5.107953548431396484e-01 4.892046153545379639e-01
5.107222795486450195e-01 4.892777800559997559e-01
5.106558799743652344e-01 4.893441796302795410e-01
5.105327367782592773e-01 4.894672632217407227e-01
5.107281208038330078e-01 4.892719089984893799e-01
5.106336474418640137e-01 4.893663227558135986e-01
5.107176303863525391e-01 4.892823100090026855e-01
5.106960535049438477e-01 4.893038868904113770e-01
5.107629895210266113e-01 4.892370402812957764e-01
5.105988979339599609e-01 4.894010424613952637e-01
5.106740593910217285e-01 4.893258810043334961e-01
5.106956362724304199e-01 4.893043041229248047e-01
5.106166005134582520e-01 4.893833696842193604e-01
5.107244253158569336e-01 4.892755746841430664e-01
5.106172561645507812e-01 4.893827140331268311e-01
5.106627941131591797e-01 4.893371760845184326e-01
5.105735063552856445e-01 4.894264638423919678e-01
5.107883810997009277e-01 4.892115592956542969e-01
5.104294419288635254e-01 4.895705282688140869e-01
5.106822252273559570e-01 4.893178045749664307e-01
5.106508135795593262e-01 4.893491864204406738e-01
5.106207132339477539e-01 4.893792271614074707e-01
5.106574892997741699e-01 4.893425107002258301e-01
5.106616616249084473e-01 4.893383383750915527e-01
5.106884837150573730e-01 4.893114864826202393e-01
5.106790065765380859e-01 4.893210828304290771e-01
5.107367038726806641e-01 4.892632663249969482e-01
5.106467008590698242e-01 4.893533289432525635e-01
5.106835961341857910e-01 4.893164336681365967e-01
5.104826688766479492e-01 4.895173013210296631e-01
5.106852054595947266e-01 4.893147647380828857e-01
5.106660127639770508e-01 4.893340468406677246e-01
5.106953978538513184e-01 4.893046319484710693e-01
5.106576085090637207e-01 4.893423616886138916e-01
5.106262564659118652e-01 4.893738031387329102e-01
5.106665492057800293e-01 4.893334507942199707e-01
5.107375979423522949e-01 4.892623722553253174e-01
5.106680989265441895e-01 4.893318712711334229e-01
5.107188224792480469e-01 4.892812073230743408e-01
5.106967091560363770e-01 4.893033206462860107e-01
5.106882452964782715e-01 4.893117547035217285e-01
5.107205510139465332e-01 4.892793595790863037e-01
5.106072425842285156e-01 4.893927276134490967e-01
5.106264948844909668e-01 4.893735051155090332e-01
5.106073021888732910e-01 4.893926680088043213e-01
5.105930566787719727e-01 4.894070029258728027e-01
5.104649066925048828e-01 4.895350337028503418e-01
5.107377171516418457e-01 4.892622828483581543e-01
5.106222629547119141e-01 4.893777370452880859e-01
5.105206966400146484e-01 4.894793033599853516e-01
5.105060935020446777e-01 4.894938468933105469e-01
5.105808973312377930e-01 4.894191324710845947e-01
5.103995800018310547e-01 4.896004498004913330e-01
5.106639266014099121e-01 4.893360435962677002e-01
5.105730295181274414e-01 4.894269704818725586e-01
5.106536149978637695e-01 4.893464148044586182e-01
5.106288194656372070e-01 4.893711507320404053e-01
5.104934573173522949e-01 4.895065724849700928e-01
5.107174515724182129e-01 4.892825484275817871e-01
5.107791423797607422e-01 4.892208576202392578e-01
5.106364488601684570e-01 4.893636107444763184e-01
5.106576681137084961e-01 4.893423020839691162e-01
5.107142329216003418e-01 4.892858266830444336e-01
5.107067823410034180e-01 4.892932772636413574e-01
5.106160640716552734e-01 4.893839359283447266e-01
5.106627345085144043e-01 4.893372058868408203e-01
5.106967091560363770e-01 4.893033206462860107e-01
5.106179714202880859e-01 4.893819987773895264e-01
5.106804966926574707e-01 4.893195927143096924e-01
5.107039213180541992e-01 4.892960190773010254e-01
5.106468796730041504e-01 4.893530607223510742e-01
5.106512308120727539e-01 4.893487691879272461e-01
5.108094215393066406e-01 4.891906380653381348e-01
5.106332302093505859e-01 4.893667995929718018e-01
5.106624960899353027e-01 4.893375337123870850e-01
5.106903910636901855e-01 4.893095195293426514e-01
5.106303691864013672e-01 4.893696308135986328e-01
5.107443332672119141e-01 4.892556667327880859e-01
5.106168985366821289e-01 4.893831908702850342e-01
5.106177926063537598e-01 4.893821775913238525e-01
5.106514096260070801e-01 4.893485009670257568e-01
5.103697776794433594e-01 4.896302819252014160e-01
5.106426477432250977e-01 4.893573224544525146e-01
5.106467008590698242e-01 4.893532991409301758e-01
5.106424689292907715e-01 4.893575012683868408e-01
5.106796026229858398e-01 4.893203973770141602e-01
5.106056928634643555e-01 4.893943667411804199e-01
5.105885267257690430e-01 4.894114434719085693e-01
5.106792449951171875e-01 4.893207252025604248e-01
5.105248689651489258e-01 4.894751608371734619e-01
5.106837749481201172e-01 4.893162846565246582e-01
5.105652213096618652e-01 4.894347190856933594e-01
5.106637477874755859e-01 4.893362820148468018e-01
5.106948614120483398e-01 4.893052279949188232e-01
5.105895996093750000e-01 4.894104301929473877e-01
5.106161236763000488e-01 4.893838465213775635e-01
5.105896592140197754e-01 4.894103109836578369e-01
5.106151700019836426e-01 4.893848299980163574e-01
5.106810927391052246e-01 4.893189072608947754e-01
5.106399059295654297e-01 4.893600046634674072e-01
5.106201171875000000e-01 4.893799126148223877e-01
5.106980800628662109e-01 4.893019497394561768e-01
5.106448531150817871e-01 4.893551170825958252e-01
5.106285214424133301e-01 4.893715083599090576e-01
5.107594132423400879e-01 4.892406761646270752e-01
5.106438398361206055e-01 4.893561899662017822e-01
5.106237530708312988e-01 4.893762767314910889e-01
5.106738805770874023e-01 4.893261492252349854e-01
5.106869339942932129e-01 4.893131256103515625e-01
5.106826424598693848e-01 4.893173277378082275e-01
5.106393098831176758e-01 4.893606603145599365e-01
5.106878280639648438e-01 4.893121421337127686e-01
5.106680393218994141e-01 4.893319010734558105e-01
5.104628801345825195e-01 4.895370900630950928e-01
5.106676220893859863e-01 4.893324375152587891e-01
5.107940435409545898e-01 4.892059266567230225e-01
5.106486678123474121e-01 4.893513619899749756e-01
5.106542110443115234e-01 4.893458187580108643e-01
5.107383728027343750e-01 4.892615973949432373e-01
5.106345415115356445e-01 4.893654286861419678e-01
5.106673240661621094e-01 4.893326461315155029e-01
5.106188654899597168e-01 4.893810749053955078e-01
5.106847286224365234e-01 4.893153011798858643e-01
5.106768012046813965e-01 4.893231689929962158e-01
5.107436180114746094e-01 4.892564713954925537e-01
5.106507539749145508e-01 4.893492758274078369e-01
5.107432007789611816e-01 4.892567992210388184e-01
5.107166767120361328e-01 4.892833232879638672e-01
5.107207298278808594e-01 4.892792999744415283e-01
5.106503963470458984e-01 4.893496334552764893e-01
5.106724500656127930e-01 4.893275201320648193e-01
5.106405019760131836e-01 4.893594682216644287e-01
5.107065439224243164e-01 4.892934560775756836e-01
5.107594132423400879e-01 4.892406761646270752e-01
5.106518864631652832e-01 4.893481731414794922e-01
5.106686353683471680e-01 4.893313944339752197e-01
5.106499195098876953e-01 4.893500506877899170e-01
5.108007192611694336e-01 4.891993403434753418e-01
5.107048749923706055e-01 4.892951846122741699e-01
5.106744170188903809e-01 4.893255531787872314e-01
5.106409192085266113e-01 4.893590509891510010e-01
5.107699036598205566e-01 4.892300665378570557e-01
5.106679201126098633e-01 4.893321096897125244e-01
5.104934573173522949e-01 4.895065724849700928e-01
5.106086134910583496e-01 4.893913567066192627e-01
5.105933547019958496e-01 4.894066751003265381e-01
5.106639862060546875e-01 4.893359541893005371e-01
5.106608271598815918e-01 4.893391430377960205e-01
5.107786059379577637e-01 4.892213642597198486e-01
5.106062889099121094e-01 4.893936812877655029e-01
5.106841921806335449e-01 4.893157482147216797e-01
5.106380581855773926e-01 4.893619418144226074e-01
5.105170011520385742e-01 4.894829690456390381e-01
5.106223225593566895e-01 4.893777072429656982e-01
5.106126666069030762e-01 4.893873631954193115e-01
5.106471180915832520e-01 4.893528223037719727e-01
5.106639862060546875e-01 4.893360137939453125e-01
5.106596350669860840e-01 4.893404245376586914e-01
5.106677412986755371e-01 4.893322288990020752e-01
5.106249451637268066e-01 4.893751144409179688e-01
5.106254220008850098e-01 4.893745779991149902e-01
5.105972886085510254e-01 4.894026815891265869e-01
5.105940103530883789e-01 4.894060194492340088e-01
5.106286406517028809e-01 4.893713891506195068e-01
5.105903744697570801e-01 4.894096553325653076e-01
5.107305645942687988e-01 4.892693459987640381e-01
5.107479691505432129e-01 4.892520308494567871e-01
5.106678009033203125e-01 4.893321990966796875e-01
5.107398629188537598e-01 4.892601668834686279e-01
5.106562376022338867e-01 4.893437623977661133e-01
5.107392668724060059e-01 4.892607629299163818e-01
5.107143521308898926e-01 4.892856180667877197e-01
5.108469128608703613e-01 4.891531467437744141e-01
