4.931916892528533936e-01 5.068082213401794434e-01
4.931725859642028809e-01 5.068274736404418945e-01
4.931668639183044434e-01 5.068331956863403320e-01
4.933389425277709961e-01 5.066610574722290039e-01
4.932343363761901855e-01 5.067656636238098145e-01
4.933044016361236572e-01 5.066955685615539551e-01
4.931772947311401367e-01 5.068227052688598633e-01
4.931714236736297607e-01 5.068286657333374023e-01
4.932343363761901855e-01 5.067656636238098145e-01
4.931338727474212646e-01 5.068660378456115723e-01
4.931634068489074707e-01 5.068365931510925293e-01
4.931934773921966553e-01 5.068064928054809570e-01
4.931518733501434326e-01 5.068481564521789551e-01
4.931865632534027100e-01 5.068134665489196777e-01
4.931169152259826660e-01 5.068830847740173340e-01
4.931352436542510986e-01 5.068647861480712891e-01
4.931914508342742920e-01 5.068086385726928711e-01
4.931683540344238281e-01 5.068316459655761719e-01
4.931662976741790771e-01 5.068336725234985352e-01
4.932142496109008789e-01 5.067857503890991211e-01
4.932579398155212402e-01 5.067420601844787598e-01
4.931636452674865723e-01 5.068363547325134277e-01
4.931628108024597168e-01 5.068371891975402832e-01
4.932394325733184814e-01 5.067605972290039062e-01
4.931169748306274414e-01 5.068830847740173340e-01
4.931638538837432861e-01 5.068361163139343262e-01
4.932312965393066406e-01 5.067687034606933594e-01
4.932005405426025391e-01 5.067994594573974609e-01
4.932696223258972168e-01 5.067303776741027832e-01
4.932160675525665283e-01 5.067839622497558594e-01
4.931617975234985352e-01 5.068382024765014648e-01
4.932444989681243896e-01 5.067554712295532227e-01
4.932550787925720215e-01 5.067448616027832031e-01
4.932886958122253418e-01 5.067112445831298828e-01
4.931350350379943848e-01 5.068649053573608398e-01
4.932195246219635010e-01 5.067804455757141113e-01
4.932356774806976318e-01 5.067643523216247559e-01
4.933255016803741455e-01 5.066744685173034668e-01
4.932031631469726562e-01 5.067967772483825684e-01
4.931976795196533203e-01 5.068023204803466797e-01
4.931783378124237061e-01 5.068216323852539062e-01
4.931862652301788330e-01 5.068137645721435547e-01
4.933104217052459717e-01 5.066895484924316406e-01
4.930946826934814453e-01 5.069052577018737793e-01
4.931928515434265137e-01 5.068071484565734863e-01
4.932137131690979004e-01 5.067863464355468750e-01
4.931431710720062256e-01 5.068567991256713867e-01
4.931960701942443848e-01 5.068039894104003906e-01
4.931721687316894531e-01 5.068277716636657715e-01
4.931600391864776611e-01 5.068399310111999512e-01
4.931793212890625000e-01 5.068206787109375000e-01
4.934249520301818848e-01 5.065751075744628906e-01
4.932057857513427734e-01 5.067941546440124512e-01
4.932690560817718506e-01 5.067309737205505371e-01
4.931980073451995850e-01 5.068020224571228027e-01
4.932083189487457275e-01 5.067916512489318848e-01
4.931502044200897217e-01 5.068497657775878906e-01
4.931618869304656982e-01 5.068380832672119141e-01
4.931537508964538574e-01 5.068462491035461426e-01
4.932327568531036377e-01 5.067672729492187500e-01
4.932825267314910889e-01 5.067174434661865234e-01
4.931788742542266846e-01 5.068210959434509277e-01
4.931955635547637939e-01 5.068044662475585938e-01
4.931920170783996582e-01 5.068079829216003418e-01
4.931968748569488525e-01 5.068031549453735352e-01
4.932768940925598145e-01 5.067231655120849609e-01
4.932011365890502930e-01 5.067988634109497070e-01
4.933461844921112061e-01 5.066537857055664062e-01
4.932437837123870850e-01 5.067562460899353027e-01
4.932061433792114258e-01 5.067937970161437988e-01
4.931868910789489746e-01 5.068131089210510254e-01
4.931943714618682861e-01 5.068056583404541016e-01
4.931844472885131836e-01 5.068155527114868164e-01
4.932309985160827637e-01 5.067689418792724609e-01
4.931753575801849365e-01 5.068246126174926758e-01
4.931820034980773926e-01 5.068179965019226074e-01
4.932310879230499268e-01 5.067688822746276855e-01
4.932162165641784668e-01 5.067837834358215332e-01
4.931893050670623779e-01 5.068107247352600098e-01
4.931893050670623779e-01 5.068107843399047852e-01
4.932201504707336426e-01 5.067799091339111328e-01
4.931575953960418701e-01 5.068424344062805176e-01
4.931440949440002441e-01 5.068559050559997559e-01
4.932251572608947754e-01 5.067747831344604492e-01
4.932560324668884277e-01 5.067439675331115723e-01
4.932266473770141602e-01 5.067733526229858398e-01
4.933670163154602051e-01 5.066329836845397949e-01
4.931274056434631348e-01 5.068725943565368652e-01
4.931389689445495605e-01 5.068610310554504395e-01
4.931673109531402588e-01 5.068326592445373535e-01
4.932030439376831055e-01 5.067968964576721191e-01
4.932146668434143066e-01 5.067853331565856934e-01
4.931482672691345215e-01 5.068517327308654785e-01
4.931633174419403076e-01 5.068367123603820801e-01
4.931104779243469238e-01 5.068895816802978516e-01
4.931217432022094727e-01 5.068782567977905273e-01
4.931772053241729736e-01 5.068228244781494141e-01
4.931946694850921631e-01 5.068053603172302246e-01
4.931826889514923096e-01 5.068174004554748535e-01
4.933670163154602051e-01 5.066329836845397949e-01
4.931376874446868896e-01 5.068622827529907227e-01
4.931360781192779541e-01 5.068638324737548828e-01
4.931569099426269531e-01 5.068431496620178223e-01
4.932089447975158691e-01 5.067911148071289062e-01
4.931656420230865479e-01 5.068343281745910645e-01
4.933050870895385742e-01 5.066949725151062012e-01
4.931614100933074951e-01 5.068386197090148926e-01
4.931578338146209717e-01 5.068421959877014160e-01
4.931873381137847900e-01 5.068126320838928223e-01
4.932031631469726562e-01 5.067967772483825684e-01
4.931688308715820312e-01 5.068311691284179688e-01
4.932144880294799805e-01 5.067855119705200195e-01
4.931113719940185547e-01 5.068886876106262207e-01
4.931089282035827637e-01 5.068910717964172363e-01
4.931672811508178711e-01 5.068327188491821289e-01
4.931704401969909668e-01 5.068295001983642578e-01
4.932278990745544434e-01 5.067720413208007812e-01
4.932451844215393066e-01 5.067548751831054688e-01
4.931601881980895996e-01 5.068398714065551758e-01
4.931960403919219971e-01 5.068040490150451660e-01
4.931317567825317383e-01 5.068681836128234863e-01
4.932312071323394775e-01 5.067688226699829102e-01
4.931267797946929932e-01 5.068731904029846191e-01
4.931457042694091797e-01 5.068542957305908203e-01
4.931895434856414795e-01 5.068104267120361328e-01
4.933822751045227051e-01 5.066176652908325195e-01
4.934427440166473389e-01 5.065572857856750488e-01
4.931281805038452148e-01 5.068718791007995605e-01
4.931852519512176514e-01 5.068147778511047363e-01
4.931668341159820557e-01 5.068331956863403320e-01
4.932225644588470459e-01 5.067774653434753418e-01
4.931362569332122803e-01 5.068637132644653320e-01
4.931918680667877197e-01 5.068081021308898926e-01
4.931208789348602295e-01 5.068790912628173828e-01
4.931356608867645264e-01 5.068643093109130859e-01
4.932354688644409180e-01 5.067644715309143066e-01
4.931352436542510986e-01 5.068647861480712891e-01
4.931833744049072266e-01 5.068166255950927734e-01
4.931752979755401611e-01 5.068247318267822266e-01
4.931636452674865723e-01 5.068363547325134277e-01
4.931386709213256836e-01 5.068612694740295410e-01
4.932163953781127930e-01 5.067836046218872070e-01
4.932139813899993896e-01 5.067859888076782227e-01
4.931717216968536377e-01 5.068281888961791992e-01
4.931719601154327393e-01 5.068280100822448730e-01
4.931401014328002930e-01 5.068598985671997070e-01
4.931683540344238281e-01 5.068315863609313965e-01
4.931882023811340332e-01 5.068118572235107422e-01
4.931905567646026611e-01 5.068094134330749512e-01
4.931416511535644531e-01 5.068582892417907715e-01
4.932057857513427734e-01 5.067941546440124512e-01
4.931418895721435547e-01 5.068581700325012207e-01
4.931272864341735840e-01 5.068726539611816406e-01
4.931781589984893799e-01 5.068217515945434570e-01
4.931483566761016846e-01 5.068516731262207031e-01
4.931845366954803467e-01 5.068154335021972656e-01
4.931620657444000244e-01 5.068379044532775879e-01
4.931856691837310791e-01 5.068143010139465332e-01
4.933326542377471924e-01 5.066673755645751953e-01
4.931967556476593018e-01 5.068032145500183105e-01
4.931871592998504639e-01 5.068129301071166992e-01
4.932072758674621582e-01 5.067927241325378418e-01
4.932217299938201904e-01 5.067782402038574219e-01
4.933000504970550537e-01 5.066999197006225586e-01
4.932306110858917236e-01 5.067694187164306641e-01
4.933104217052459717e-01 5.066896080970764160e-01
4.932657778263092041e-01 5.067341923713684082e-01
4.932219982147216797e-01 5.067780017852783203e-01
4.932359158992767334e-01 5.067640542984008789e-01
4.931728541851043701e-01 5.068271160125732422e-01
4.932889938354492188e-01 5.067109465599060059e-01
4.932948946952819824e-01 5.067051053047180176e-01
4.932282269001007080e-01 5.067718029022216797e-01
4.931386709213256836e-01 5.068612694740295410e-01
4.931954145431518555e-01 5.068046450614929199e-01
4.931564927101135254e-01 5.068435072898864746e-01
4.931980371475219727e-01 5.068020224571228027e-01
4.931846857070922852e-01 5.068153738975524902e-01
4.932624101638793945e-01 5.067375302314758301e-01
4.931629598140716553e-01 5.068370103836059570e-01
4.931364953517913818e-01 5.068635344505310059e-01
4.932001233100891113e-01 5.067999362945556641e-01
4.931885898113250732e-01 5.068114399909973145e-01
4.931364953517913818e-01 5.068635344505310059e-01
4.931688308715820312e-01 5.068312287330627441e-01
4.932337999343872070e-01 5.067662000656127930e-01
4.931530654430389404e-01 5.068469047546386719e-01
4.931895434856414795e-01 5.068103671073913574e-01
4.931278228759765625e-01 5.068721175193786621e-01
4.932164549827575684e-01 5.067835450172424316e-01
4.932754039764404297e-01 5.067245960235595703e-01
4.931470155715942383e-01 5.068529844284057617e-01
4.931461811065673828e-01 5.068538188934326172e-01
4.931769371032714844e-01 5.068231225013732910e-01
4.931710660457611084e-01 5.068289637565612793e-01
4.931478202342987061e-01 5.068521499633789062e-01
4.931567907333374023e-01 5.068432092666625977e-01
4.931682646274566650e-01 5.068317651748657227e-01
4.931770861148834229e-01 5.068228840827941895e-01
4.931926727294921875e-01 5.068073868751525879e-01
4.931563436985015869e-01 5.068436264991760254e-01
4.932064712047576904e-01 5.067934989929199219e-01
4.932312369346618652e-01 5.067687630653381348e-01
4.931704401969909668e-01 5.068295001983642578e-01
4.931804239749908447e-01 5.068196058273315430e-01
4.932099282741546631e-01 5.067900419235229492e-01
4.931431710720062256e-01 5.068568587303161621e-01
4.932386279106140137e-01 5.067614316940307617e-01
4.931578636169433594e-01 5.068421959877014160e-01
4.931883513927459717e-01 5.068116784095764160e-01
4.932377040386199951e-01 5.067622661590576172e-01
4.932082891464233398e-01 5.067917704582214355e-01
4.931715130805969238e-01 5.068284869194030762e-01
4.931695461273193359e-01 5.068304538726806641e-01
4.931987524032592773e-01 5.068011879920959473e-01
4.931566417217254639e-01 5.068433284759521484e-01
4.930957257747650146e-01 5.069043040275573730e-01
4.931511580944061279e-01 5.068488121032714844e-01
4.931039512157440186e-01 5.068960189819335938e-01
4.932886362075805664e-01 5.067113637924194336e-01
4.932078123092651367e-01 5.067921876907348633e-01
4.931542873382568359e-01 5.068456530570983887e-01
4.933387339115142822e-01 5.066612958908081055e-01
4.931720197200775146e-01 5.068280100822448730e-01
4.932936131954193115e-01 5.067063570022583008e-01
4.931871294975280762e-01 5.068128108978271484e-01
4.931745827198028564e-01 5.068254470825195312e-01
4.931408762931823730e-01 5.068590641021728516e-01
4.931356608867645264e-01 5.068643093109130859e-01
4.931858479976654053e-01 5.068141818046569824e-01
4.932351708412170410e-01 5.067648291587829590e-01
4.932189285755157471e-01 5.067811012268066406e-01
4.932343363761901855e-01 5.067656636238098145e-01
4.931233823299407959e-01 5.068765878677368164e-01
4.931845068931579590e-01 5.068154931068420410e-01
4.931552112102508545e-01 5.068447589874267578e-01
4.931967854499816895e-01 5.068032145500183105e-01
4.931628108024597168e-01 5.068371295928955078e-01
4.933297634124755859e-01 5.066702365875244141e-01
4.932318925857543945e-01 5.067680478096008301e-01
4.931813478469848633e-01 5.068187117576599121e-01
4.931934773921966553e-01 5.068064928054809570e-01
4.932286143302917480e-01 5.067713260650634766e-01
4.931825697422027588e-01 5.068174600601196289e-01
4.931831955909729004e-01 5.068167448043823242e-01
4.931872189044952393e-01 5.068126916885375977e-01
4.932395517826080322e-01 5.067604780197143555e-01
4.931409955024719238e-01 5.068589448928833008e-01
4.931895434856414795e-01 5.068104267120361328e-01
4.932617843151092529e-01 5.067382454872131348e-01
4.932136237621307373e-01 5.067864060401916504e-01
4.932577311992645264e-01 5.067422986030578613e-01
4.932356774806976318e-01 5.067642927169799805e-01
4.932623803615570068e-01 5.067375898361206055e-01
4.932115674018859863e-01 5.067884325981140137e-01
4.931467771530151367e-01 5.068532824516296387e-01
4.931609332561492920e-01 5.068390369415283203e-01
4.933106601238250732e-01 5.066893100738525391e-01
4.931763410568237305e-01 5.068236589431762695e-01
4.931732118129730225e-01 5.068268179893493652e-01
4.931819736957550049e-01 5.068179965019226074e-01
4.932096898555755615e-01 5.067902803421020508e-01
4.931814074516296387e-01 5.068185925483703613e-01
4.931476414203643799e-01 5.068523883819580078e-01
4.931980371475219727e-01 5.068020224571228027e-01
4.932653903961181641e-01 5.067346692085266113e-01
4.932135045528411865e-01 5.067865252494812012e-01
4.931704103946685791e-01 5.068295598030090332e-01
4.932419061660766602e-01 5.067580938339233398e-01
4.932429194450378418e-01 5.067570805549621582e-01
4.931718707084655762e-01 5.068280696868896484e-01
4.932306110858917236e-01 5.067694187164306641e-01
4.931667149066925049e-01 5.068333148956298828e-01
4.931795895099639893e-01 5.068204402923583984e-01
4.931594431400299072e-01 5.068405270576477051e-01
4.931882023811340332e-01 5.068118572235107422e-01
4.932267963886260986e-01 5.067731738090515137e-01
4.931567907333374023e-01 5.068432092666625977e-01
4.931895434856414795e-01 5.068104267120361328e-01
4.932114183902740479e-01 5.067885518074035645e-01
4.931603968143463135e-01 5.068396925926208496e-01
4.935091435909271240e-01 5.064908862113952637e-01
4.931970238685607910e-01 5.068030357360839844e-01
4.931729435920715332e-01 5.068270564079284668e-01
4.931631684303283691e-01 5.068368315696716309e-01
4.932126104831695557e-01 5.067874193191528320e-01
4.932889938354492188e-01 5.067109465599060059e-01
4.932059645652770996e-01 5.067940354347229004e-01
4.933632016181945801e-01 5.066367983818054199e-01
4.931535720825195312e-01 5.068464875221252441e-01
4.931270480155944824e-01 5.068729519844055176e-01
4.932825267314910889e-01 5.067174434661865234e-01
4.932424724102020264e-01 5.067574977874755859e-01
4.931761324405670166e-01 5.068237781524658203e-01
4.931463003158569336e-01 5.068536996841430664e-01
4.931655824184417725e-01 5.068343877792358398e-01
4.930733740329742432e-01 5.069265961647033691e-01
4.931344687938690186e-01 5.068655014038085938e-01
4.931831061840057373e-01 5.068169236183166504e-01
4.932094514369964600e-01 5.067905783653259277e-01
4.931388497352600098e-01 5.068610906600952148e-01
4.931948184967041016e-01 5.068052411079406738e-01
4.932551980018615723e-01 5.067447423934936523e-01
4.931951761245727539e-01 5.068048238754272461e-01
4.933046102523803711e-01 5.066953897476196289e-01
4.931777417659759521e-01 5.068222880363464355e-01
4.932316243648529053e-01 5.067684054374694824e-01
4.931622743606567383e-01 5.068377852439880371e-01
4.932306110858917236e-01 5.067694187164306641e-01
4.931842088699340820e-01 5.068157911300659180e-01
4.931958913803100586e-01 5.068041086196899414e-01
4.932083487510681152e-01 5.067917108535766602e-01
4.931938946247100830e-01 5.068060755729675293e-01
4.933040738105773926e-01 5.066959857940673828e-01
4.931854307651519775e-01 5.068145990371704102e-01
4.931316375732421875e-01 5.068683624267578125e-01
4.931993782520294189e-01 5.068005919456481934e-01
4.931682348251342773e-01 5.068317055702209473e-01
4.933050870895385742e-01 5.066949725151062012e-01
4.931733310222625732e-01 5.068266987800598145e-01
4.932956099510192871e-01 5.067043304443359375e-01
4.931737482547760010e-01 5.068263411521911621e-01
4.931323826313018799e-01 5.068676471710205078e-01
4.932144284248352051e-01 5.067855119705200195e-01
4.931904673576354980e-01 5.068095922470092773e-01
4.932112693786621094e-01 5.067887306213378906e-01
4.931519925594329834e-01 5.068479776382446289e-01
4.931701421737670898e-01 5.068298578262329102e-01
4.932005703449249268e-01 5.067993402481079102e-01
4.932304620742797852e-01 5.067695379257202148e-01
4.932409226894378662e-01 5.067589879035949707e-01
4.931475818157196045e-01 5.068523883819580078e-01
4.934520125389099121e-01 5.065479874610900879e-01
4.931542277336120605e-01 5.068457722663879395e-01
4.931668639183044434e-01 5.068331956863403320e-01
4.932956099510192871e-01 5.067043304443359375e-01
4.932116568088531494e-01 5.067884325981140137e-01
4.932789206504821777e-01 5.067210793495178223e-01
4.933792352676391602e-01 5.066207647323608398e-01
4.931512773036956787e-01 5.068487524986267090e-01
4.931359589099884033e-01 5.068640708923339844e-01
4.932007491588592529e-01 5.067992210388183594e-01
4.931854605674743652e-01 5.068145394325256348e-01
4.931398332118988037e-01 5.068601965904235840e-01
4.931847453117370605e-01 5.068152546882629395e-01
4.931428134441375732e-01 5.068570971488952637e-01
4.931563436985015869e-01 5.068436264991760254e-01
4.932497739791870117e-01 5.067502856254577637e-01
4.932095706462860107e-01 5.067903399467468262e-01
4.933050870895385742e-01 5.066949725151062012e-01
4.931615889072418213e-01 5.068384408950805664e-01
4.931442737579345703e-01 5.068557262420654297e-01
4.932807981967926025e-01 5.067192316055297852e-01
4.932199120521545410e-01 5.067800879478454590e-01
4.931946694850921631e-01 5.068053603172302246e-01
4.931969642639160156e-01 5.068030357360839844e-01
4.932409226894378662e-01 5.067589879035949707e-01
4.931594431400299072e-01 5.068405270576477051e-01
4.931848049163818359e-01 5.068151950836181641e-01
4.932350218296051025e-01 5.067650079727172852e-01
4.931513369083404541e-01 5.068486928939819336e-01
4.932142496109008789e-01 5.067857503890991211e-01
4.931514263153076172e-01 5.068486332893371582e-01
4.931795299053192139e-01 5.068204998970031738e-01
4.932413697242736816e-01 5.067586302757263184e-01
4.931696653366088867e-01 5.068303346633911133e-01
4.932063817977905273e-01 5.067936182022094727e-01
4.931823611259460449e-01 5.068176984786987305e-01
4.931753575801849365e-01 5.068246126174926758e-01
4.932060539722442627e-01 5.067939162254333496e-01
4.932419061660766602e-01 5.067580938339233398e-01
4.931819438934326172e-01 5.068181157112121582e-01
4.932365417480468750e-01 5.067634582519531250e-01
4.931977093219757080e-01 5.068022608757019043e-01
4.932046532630920410e-01 5.067954063415527344e-01
4.931776821613311768e-01 5.068222880363464355e-01
4.932931065559387207e-01 5.067068934440612793e-01
4.931971132755279541e-01 5.068028569221496582e-01
4.931854605674743652e-01 5.068145394325256348e-01
4.932314157485961914e-01 5.067686438560485840e-01
4.932623803615570068e-01 5.067375898361206055e-01
4.933292269706726074e-01 5.066707134246826172e-01
4.932552874088287354e-01 5.067446827888488770e-01
4.931215345859527588e-01 5.068784952163696289e-01
4.933059513568878174e-01 5.066940188407897949e-01
4.932903051376342773e-01 5.067096948623657227e-01
4.931607842445373535e-01 5.068391561508178711e-01
4.931442737579345703e-01 5.068557262420654297e-01
4.932166337966918945e-01 5.067833662033081055e-01
4.932623803615570068e-01 5.067375898361206055e-01
4.931586086750030518e-01 5.068414211273193359e-01
4.931743741035461426e-01 5.068255662918090820e-01
4.931831657886505127e-01 5.068168044090270996e-01
4.932034313678741455e-01 5.067965984344482422e-01
4.930609464645385742e-01 5.069391131401062012e-01
4.931663274765014648e-01 5.068337321281433105e-01
4.931822121143341064e-01 5.068177580833435059e-01
4.931997358798980713e-01 5.068002343177795410e-01
4.931996464729309082e-01 5.068003535270690918e-01
4.932087957859039307e-01 5.067911744117736816e-01
4.931404888629913330e-01 5.068594217300415039e-01
4.931598603725433350e-01 5.068401098251342773e-01
4.932132065296173096e-01 5.067868232727050781e-01
4.932072162628173828e-01 5.067927837371826172e-01
4.931389093399047852e-01 5.068610310554504395e-01
4.931564927101135254e-01 5.068435072898864746e-01
4.931513965129852295e-01 5.068486332893371582e-01
4.931742548942565918e-01 5.068256855010986328e-01
4.931497573852539062e-01 5.068502426147460938e-01
4.931707680225372314e-01 5.068292617797851562e-01
4.931293129920959473e-01 5.068706274032592773e-01
4.931813180446624756e-01 5.068187117576599121e-01
4.931530654430389404e-01 5.068469047546386719e-01
4.931400418281555176e-01 5.068599581718444824e-01
4.932140707969665527e-01 5.067859292030334473e-01
4.931689500808715820e-01 5.068311095237731934e-01
4.931407570838928223e-01 5.068592429161071777e-01
4.931594133377075195e-01 5.068405270576477051e-01
4.931570291519165039e-01 5.068429708480834961e-01
4.931471049785614014e-01 5.068529844284057617e-01
4.931340813636779785e-01 5.068658590316772461e-01
4.931659698486328125e-01 5.068340897560119629e-01
4.931741654872894287e-01 5.068258047103881836e-01
4.932242929935455322e-01 5.067757368087768555e-01
4.931804537773132324e-01 5.068195462226867676e-01
4.932825267314910889e-01 5.067174434661865234e-01
4.933432340621948242e-01 5.066567063331604004e-01
4.931192398071289062e-01 5.068807601928710938e-01
4.931925833225250244e-01 5.068073868751525879e-01
4.932121634483337402e-01 5.067878365516662598e-01
4.931888282299041748e-01 5.068112015724182129e-01
4.931515753269195557e-01 5.068483352661132812e-01
4.931709170341491699e-01 5.068291425704956055e-01
4.932859838008880615e-01 5.067141056060791016e-01
4.932467937469482422e-01 5.067532062530517578e-01
4.932309389114379883e-01 5.067690014839172363e-01
4.931425452232360840e-01 5.068574547767639160e-01
4.931445419788360596e-01 5.068554282188415527e-01
4.931638240814208984e-01 5.068361759185791016e-01
4.931824505329132080e-01 5.068175792694091797e-01
4.931767284870147705e-01 5.068233013153076172e-01
4.931964576244354248e-01 5.068035125732421875e-01
4.931537508964538574e-01 5.068463087081909180e-01
4.932217299938201904e-01 5.067782998085021973e-01
4.932876527309417725e-01 5.067123770713806152e-01
4.932610988616943359e-01 5.067389607429504395e-01
4.932118058204650879e-01 5.067881345748901367e-01
4.933364987373352051e-01 5.066635012626647949e-01
4.932461977005004883e-01 5.067538022994995117e-01
4.931876361370086670e-01 5.068123340606689453e-01
4.930928051471710205e-01 5.069072246551513672e-01
4.931433796882629395e-01 5.068565607070922852e-01
4.931435286998748779e-01 5.068564414978027344e-01
4.931215345859527588e-01 5.068784356117248535e-01
4.932218492031097412e-01 5.067781209945678711e-01
4.932163953781127930e-01 5.067836046218872070e-01
4.933349490165710449e-01 5.066649913787841797e-01
4.932810962200164795e-01 5.067189335823059082e-01
4.931569099426269531e-01 5.068430900573730469e-01
4.932109415531158447e-01 5.067890882492065430e-01
4.931782782077789307e-01 5.068216323852539062e-01
4.931983053684234619e-01 5.068017840385437012e-01
4.931709170341491699e-01 5.068290829658508301e-01
4.931158423423767090e-01 5.068842172622680664e-01
4.932141005992889404e-01 5.067858695983886719e-01
4.932257533073425293e-01 5.067741870880126953e-01
4.931491315364837646e-01 5.068508982658386230e-01
4.931876063346862793e-01 5.068123340606689453e-01
4.932093620300292969e-01 5.067906379699707031e-01
4.933160245418548584e-01 5.066840052604675293e-01
4.931725561618804932e-01 5.068274736404418945e-01
4.931785762310028076e-01 5.068214535713195801e-01
4.931551516056060791e-01 5.068448781967163086e-01
4.931730031967163086e-01 5.068269968032836914e-01
4.930984675884246826e-01 5.069014430046081543e-01
4.931888282299041748e-01 5.068112015724182129e-01
4.931165874004364014e-01 5.068833827972412109e-01
4.931943118572235107e-01 5.068057179450988770e-01
4.932276606559753418e-01 5.067723393440246582e-01
4.931412637233734131e-01 5.068587064743041992e-01
4.932030439376831055e-01 5.067968964576721191e-01
4.931843280792236328e-01 5.068157315254211426e-01
4.931612610816955566e-01 5.068387389183044434e-01
4.931687712669372559e-01 5.068312287330627441e-01
4.931877255439758301e-01 5.068122148513793945e-01
4.931593537330627441e-01 5.068405866622924805e-01
4.931717216968536377e-01 5.068281888961791992e-01
4.931709766387939453e-01 5.068290829658508301e-01
4.932163953781127930e-01 5.067836046218872070e-01
4.931823015213012695e-01 5.068176984786987305e-01
4.931388497352600098e-01 5.068610906600952148e-01
4.931994378566741943e-01 5.068005919456481934e-01
4.931938052177429199e-01 5.068062543869018555e-01
4.933734238147735596e-01 5.066265463829040527e-01
4.931908249855041504e-01 5.068092346191406250e-01
4.931479692459106445e-01 5.068520903587341309e-01
4.931294620037078857e-01 5.068705081939697266e-01
4.931447207927703857e-01 5.068553090095520020e-01
4.932275712490081787e-01 5.067723393440246582e-01
4.931604862213134766e-01 5.068395137786865234e-01
4.931392669677734375e-01 5.068607926368713379e-01
4.931733310222625732e-01 5.068266987800598145e-01
4.932870864868164062e-01 5.067129135131835938e-01
4.932875335216522217e-01 5.067124962806701660e-01
4.931626617908477783e-01 5.068373084068298340e-01
4.931350648403167725e-01 5.068649649620056152e-01
4.932300448417663574e-01 5.067699551582336426e-01
4.932624101638793945e-01 5.067375302314758301e-01
4.931578040122985840e-01 5.068421959877014160e-01
4.932903051376342773e-01 5.067096948623657227e-01
4.931967556476593018e-01 5.068032145500183105e-01
4.931392669677734375e-01 5.068607926368713379e-01
4.931563436985015869e-01 5.068436264991760254e-01
4.931909441947937012e-01 5.068090558052062988e-01
4.932161271572113037e-01 5.067839026451110840e-01
4.932460784912109375e-01 5.067539215087890625e-01
4.931840598583221436e-01 5.068159699440002441e-01
4.932927191257476807e-01 5.067073702812194824e-01
4.931472241878509521e-01 5.068526864051818848e-01
4.932439029216766357e-01 5.067561268806457520e-01
4.932203292846679688e-01 5.067797303199768066e-01
4.931472241878509521e-01 5.068526864051818848e-01
4.931849837303161621e-01 5.068150162696838379e-01
4.932775199413299561e-01 5.067225098609924316e-01
4.932270646095275879e-01 5.067729949951171875e-01
4.931800067424774170e-01 5.068200230598449707e-01
4.932444989681243896e-01 5.067554712295532227e-01
4.931837916374206543e-01 5.068162083625793457e-01
4.931804537773132324e-01 5.068196058273315430e-01
4.931734204292297363e-01 5.068266391754150391e-01
4.932157695293426514e-01 5.067842006683349609e-01
4.931855201721191406e-01 5.068144202232360840e-01
4.932010471820831299e-01 5.067989230155944824e-01
4.931362569332122803e-01 5.068637132644653320e-01
4.931704401969909668e-01 5.068295001983642578e-01
4.931842982769012451e-01 5.068157315254211426e-01
4.932775199413299561e-01 5.067225098609924316e-01
4.932096004486083984e-01 5.067903399467468262e-01
4.931485354900360107e-01 5.068514347076416016e-01
4.932064712047576904e-01 5.067934989929199219e-01
4.932810962200164795e-01 5.067189335823059082e-01
4.932245016098022461e-01 5.067755579948425293e-01
4.932882785797119141e-01 5.067116618156433105e-01
4.931960105895996094e-01 5.068040490150451660e-01
4.932012856006622314e-01 5.067986845970153809e-01
4.931662380695343018e-01 5.068337917327880859e-01
4.931621551513671875e-01 5.068379044532775879e-01
4.932881295680999756e-01 5.067119598388671875e-01
4.932046532630920410e-01 5.067954063415527344e-01
4.932402372360229492e-01 5.067598223686218262e-01
4.931858479976654053e-01 5.068141818046569824e-01
4.931570291519165039e-01 5.068430304527282715e-01
4.931736886501312256e-01 5.068263411521911621e-01
4.931303262710571289e-01 5.068697333335876465e-01
4.932039678096771240e-01 5.067960023880004883e-01
4.932514429092407227e-01 5.067485570907592773e-01
4.931509494781494141e-01 5.068491101264953613e-01
4.931921660900115967e-01 5.068078637123107910e-01
4.931507706642150879e-01 5.068492293357849121e-01
4.931378960609436035e-01 5.068621635437011719e-01
4.931688308715820312e-01 5.068312287330627441e-01
4.931916594505310059e-01 5.068083405494689941e-01
4.931826889514923096e-01 5.068172216415405273e-01
4.931672215461730957e-01 5.068327784538269043e-01
4.931846261024475098e-01 5.068153738975524902e-01
4.931559562683105469e-01 5.068439841270446777e-01
4.932623803615570068e-01 5.067375898361206055e-01
4.931508004665374756e-01 5.068491697311401367e-01
4.931548237800598145e-01 5.068451762199401855e-01
4.931676387786865234e-01 5.068323612213134766e-01
4.931989312171936035e-01 5.068010687828063965e-01
4.931605458259582520e-01 5.068394541740417480e-01
4.931732416152954102e-01 5.068267583847045898e-01
4.931806325912475586e-01 5.068193674087524414e-01
4.933546483516693115e-01 5.066453814506530762e-01
4.931968748569488525e-01 5.068031549453735352e-01
4.931746423244476318e-01 5.068253874778747559e-01
4.932713806629180908e-01 5.067285895347595215e-01
4.931765794754028320e-01 5.068233609199523926e-01
4.931916296482086182e-01 5.068082809448242188e-01
4.932050108909606934e-01 5.067949295043945312e-01
4.932116568088531494e-01 5.067884325981140137e-01
4.932673573493957520e-01 5.067326426506042480e-01
4.932460784912109375e-01 5.067539215087890625e-01
4.932093918323516846e-01 5.067906975746154785e-01
4.931765198707580566e-01 5.068234205245971680e-01
4.931806325912475586e-01 5.068193674087524414e-01
4.931847453117370605e-01 5.068152546882629395e-01
4.931572973728179932e-01 5.068427324295043945e-01
4.931208193302154541e-01 5.068791508674621582e-01
4.933389723300933838e-01 5.066610574722290039e-01
4.931378662586212158e-01 5.068621635437011719e-01
4.931852817535400391e-01 5.068146586418151855e-01
4.931865632534027100e-01 5.068134665489196777e-01
4.931603968143463135e-01 5.068395137786865234e-01
4.931513965129852295e-01 5.068486332893371582e-01
4.931286275386810303e-01 5.068713426589965820e-01
4.931574761867523193e-01 5.068424940109252930e-01
4.931387603282928467e-01 5.068612694740295410e-01
4.931419789791107178e-01 5.068580508232116699e-01
4.932200014591217041e-01 5.067800283432006836e-01
4.931212365627288818e-01 5.068787336349487305e-01
4.931928515434265137e-01 5.068071484565734863e-01
4.932456016540527344e-01 5.067543983459472656e-01
4.931613504886627197e-01 5.068386197090148926e-01
4.931531846523284912e-01 5.068467855453491211e-01
4.932060539722442627e-01 5.067939162254333496e-01
4.932875335216522217e-01 5.067124962806701660e-01
4.931487143039703369e-01 5.068513154983520508e-01
4.931721687316894531e-01 5.068278312683105469e-01
4.932573139667510986e-01 5.067427158355712891e-01
4.932144880294799805e-01 5.067855119705200195e-01
4.931804239749908447e-01 5.068196654319763184e-01
4.931336343288421631e-01 5.068663954734802246e-01
4.931808710098266602e-01 5.068191289901733398e-01
4.931524097919464111e-01 5.068476200103759766e-01
4.933154284954071045e-01 5.066846013069152832e-01
4.932241737842559814e-01 5.067758560180664062e-01
4.932281374931335449e-01 5.067718029022216797e-01
4.932306408882141113e-01 5.067693591117858887e-01
4.931855797767639160e-01 5.068144202232360840e-01
4.932116270065307617e-01 5.067884325981140137e-01
4.931408166885375977e-01 5.068591833114624023e-01
4.932278096675872803e-01 5.067721605300903320e-01
4.932801425457000732e-01 5.067198276519775391e-01
4.931793808937072754e-01 5.068206191062927246e-01
4.932201802730560303e-01 5.067798495292663574e-01
4.931667149066925049e-01 5.068333148956298828e-01
4.931964576244354248e-01 5.068035125732421875e-01
4.932114183902740479e-01 5.067886114120483398e-01
4.931803345680236816e-01 5.068197250366210938e-01
4.932152926921844482e-01 5.067847371101379395e-01
4.931918680667877197e-01 5.068081021308898926e-01
4.931900203227996826e-01 5.068100094795227051e-01
4.931763708591461182e-01 5.068236589431762695e-01
4.931848347187042236e-01 5.068151950836181641e-01
4.932315051555633545e-01 5.067685246467590332e-01
4.931418895721435547e-01 5.068581104278564453e-01
4.932201504707336426e-01 5.067798495292663574e-01
4.931721985340118408e-01 5.068277716636657715e-01
4.932194948196411133e-01 5.067805051803588867e-01
4.932039976119995117e-01 5.067960023880004883e-01
4.932078123092651367e-01 5.067921876907348633e-01
4.931092858314514160e-01 5.068907737731933594e-01
4.931475520133972168e-01 5.068523883819580078e-01
4.931957125663757324e-01 5.068043470382690430e-01
4.931298196315765381e-01 5.068702101707458496e-01
4.932849109172821045e-01 5.067151188850402832e-01
4.931960701942443848e-01 5.068039298057556152e-01
4.932387769222259521e-01 5.067611932754516602e-01
4.932266473770141602e-01 5.067733526229858398e-01
4.931510388851165771e-01 5.068489313125610352e-01
4.931610524654388428e-01 5.068389177322387695e-01
4.932515919208526611e-01 5.067484378814697266e-01
4.931513965129852295e-01 5.068486332893371582e-01
4.931837618350982666e-01 5.068162083625793457e-01
4.932573139667510986e-01 5.067426562309265137e-01
4.931263029575347900e-01 5.068737268447875977e-01
4.932653903961181641e-01 5.067346096038818359e-01
4.932651817798614502e-01 5.067348480224609375e-01
4.931671619415283203e-01 5.068327784538269043e-01
4.931513965129852295e-01 5.068486332893371582e-01
4.931797981262207031e-01 5.068202018737792969e-01
4.931352734565734863e-01 5.068647861480712891e-01
4.932095706462860107e-01 5.067903399467468262e-01
4.932570159435272217e-01 5.067429542541503906e-01
4.931719303131103516e-01 5.068280100822448730e-01
4.931770861148834229e-01 5.068228840827941895e-01
4.933161437511444092e-01 5.066838264465332031e-01
4.930963218212127686e-01 5.069035887718200684e-01
4.932043850421905518e-01 5.067955851554870605e-01
4.931610822677612305e-01 5.068388581275939941e-01
4.932580888271331787e-01 5.067419409751892090e-01
4.931671619415283203e-01 5.068328380584716797e-01
4.931876063346862793e-01 5.068123340606689453e-01
4.932149946689605713e-01 5.067849755287170410e-01
4.931372702121734619e-01 5.068626999855041504e-01
4.931388497352600098e-01 5.068610906600952148e-01
4.932515621185302734e-01 5.067484974861145020e-01
4.932377934455871582e-01 5.067622065544128418e-01
4.931271076202392578e-01 5.068728923797607422e-01
4.932475686073303223e-01 5.067524313926696777e-01
4.932534992694854736e-01 5.067465305328369141e-01
4.931735694408416748e-01 5.068264603614807129e-01
4.931271076202392578e-01 5.068728923797607422e-01
4.931700229644775391e-01 5.068299174308776855e-01
4.931061863899230957e-01 5.068938136100769043e-01
4.932056665420532227e-01 5.067942738533020020e-01
4.932261109352111816e-01 5.067739486694335938e-01
4.932223260402679443e-01 5.067777037620544434e-01
4.932306110858917236e-01 5.067694187164306641e-01
4.931929111480712891e-01 5.068070888519287109e-01
4.931393265724182129e-01 5.068606734275817871e-01
4.931710660457611084e-01 5.068289637565612793e-01
4.932030439376831055e-01 5.067968964576721191e-01
4.932307302951812744e-01 5.067692995071411133e-01
4.932568371295928955e-01 5.067431330680847168e-01
4.933154284954071045e-01 5.066846013069152832e-01
4.933083057403564453e-01 5.066917538642883301e-01
4.931640923023223877e-01 5.068358778953552246e-01
4.932314455509185791e-01 5.067685246467590332e-01
4.932368397712707520e-01 5.067631602287292480e-01
4.932759106159210205e-01 5.067241191864013672e-01
4.931461811065673828e-01 5.068538188934326172e-01
4.931954443454742432e-01 5.068045258522033691e-01
4.931903481483459473e-01 5.068097114562988281e-01
4.932201504707336426e-01 5.067799091339111328e-01
4.932428002357482910e-01 5.067571997642517090e-01
4.932008683681488037e-01 5.067991614341735840e-01
4.932117760181427002e-01 5.067883133888244629e-01
4.931766092777252197e-01 5.068234205245971680e-01
4.932886362075805664e-01 5.067113637924194336e-01
4.931919574737548828e-01 5.068079829216003418e-01
4.932532906532287598e-01 5.067467093467712402e-01
4.932320415973663330e-01 5.067678689956665039e-01
4.931951463222503662e-01 5.068048834800720215e-01
4.931030869483947754e-01 5.068968534469604492e-01
4.931485056877136230e-01 5.068515539169311523e-01
4.932680726051330566e-01 5.067318677902221680e-01
4.931852519512176514e-01 5.068147778511047363e-01
4.931476712226867676e-01 5.068522691726684570e-01
4.932002425193786621e-01 5.067998170852661133e-01
4.931688010692596436e-01 5.068312287330627441e-01
4.931638240814208984e-01 5.068361759185791016e-01
4.932235181331634521e-01 5.067764520645141602e-01
4.931470453739166260e-01 5.068528652191162109e-01
4.931804537773132324e-01 5.068195462226867676e-01
4.931336641311645508e-01 5.068663358688354492e-01
4.933968782424926758e-01 5.066030621528625488e-01
4.935146868228912354e-01 5.064852833747863770e-01
4.932162463665008545e-01 5.067837238311767578e-01
4.931770265102386475e-01 5.068230032920837402e-01
4.932031035423278809e-01 5.067968368530273438e-01
4.932530522346496582e-01 5.067469477653503418e-01
4.931785464286804199e-01 5.068213939666748047e-01
4.931173920631408691e-01 5.068826079368591309e-01
4.931475520133972168e-01 5.068523883819580078e-01
4.932296872138977051e-01 5.067702531814575195e-01
4.932314157485961914e-01 5.067686438560485840e-01
4.931987524032592773e-01 5.068012475967407227e-01
4.932305216789245605e-01 5.067694783210754395e-01
4.932356774806976318e-01 5.067642927169799805e-01
4.931386709213256836e-01 5.068612694740295410e-01
4.932025074958801270e-01 5.067974925041198730e-01
4.931855797767639160e-01 5.068144202232360840e-01
4.931593835353851318e-01 5.068406462669372559e-01
4.931341111660003662e-01 5.068658590316772461e-01
4.932194054126739502e-01 5.067805647850036621e-01
4.932516813278198242e-01 5.067483782768249512e-01
4.932187199592590332e-01 5.067812800407409668e-01
4.932886362075805664e-01 5.067113637924194336e-01
4.931788444519042969e-01 5.068211555480957031e-01
4.932091832160949707e-01 5.067908167839050293e-01
4.932095706462860107e-01 5.067903399467468262e-01
4.931576251983642578e-01 5.068423748016357422e-01
4.931869506835937500e-01 5.068131089210510254e-01
4.931680262088775635e-01 5.068319439888000488e-01
4.931636750698089600e-01 5.068363547325134277e-01
4.933439195156097412e-01 5.066561102867126465e-01
4.931474924087524414e-01 5.068524479866027832e-01
4.931092858314514160e-01 5.068907737731933594e-01
4.932591319084167480e-01 5.067408084869384766e-01
4.931785762310028076e-01 5.068213939666748047e-01
4.931444227695465088e-01 5.068555474281311035e-01
4.931741654872894287e-01 5.068258047103881836e-01
4.932004809379577637e-01 5.067995190620422363e-01
4.931326210498809814e-01 5.068673491477966309e-01
4.932798445224761963e-01 5.067201852798461914e-01
4.931206107139587402e-01 5.068793892860412598e-01
4.931520819664001465e-01 5.068478584289550781e-01
4.931601583957672119e-01 5.068398714065551758e-01
4.931866228580474854e-01 5.068134069442749023e-01
4.932030439376831055e-01 5.067968964576721191e-01
4.931950569152832031e-01 5.068049430847167969e-01
4.932222366333007812e-01 5.067778229713439941e-01
4.931986629962921143e-01 5.068013668060302734e-01
4.931822121143341064e-01 5.068177580833435059e-01
4.932967424392700195e-01 5.067032575607299805e-01
4.931575357913970947e-01 5.068424940109252930e-01
4.931494295597076416e-01 5.068504810333251953e-01
4.931570887565612793e-01 5.068429112434387207e-01
4.931378662586212158e-01 5.068621635437011719e-01
4.931226074695587158e-01 5.068774819374084473e-01
4.931742548942565918e-01 5.068256855010986328e-01
4.931842684745788574e-01 5.068157315254211426e-01
4.932003617286682129e-01 5.067996978759765625e-01
4.931770265102386475e-01 5.068230032920837402e-01
4.932081699371337891e-01 5.067918896675109863e-01
4.931168258190155029e-01 5.068831443786621094e-01
4.933738112449645996e-01 5.066261291503906250e-01
4.931522905826568604e-01 5.068477392196655273e-01
4.931541979312896729e-01 5.068458318710327148e-01
4.932006299495697021e-01 5.067993402481079102e-01
4.931995272636413574e-01 5.068004131317138672e-01
4.931352436542510986e-01 5.068647861480712891e-01
4.931890964508056641e-01 5.068109035491943359e-01
4.932456016540527344e-01 5.067543983459472656e-01
4.931893348693847656e-01 5.068107247352600098e-01
4.933326542377471924e-01 5.066673755645751953e-01
4.932154417037963867e-01 5.067845582962036133e-01
4.932375550270080566e-01 5.067623853683471680e-01
4.932299852371215820e-01 5.067699551582336426e-01
4.931753575801849365e-01 5.068246126174926758e-01
4.931788146495819092e-01 5.068211555480957031e-01
4.932792782783508301e-01 5.067206621170043945e-01
4.931482672691345215e-01 5.068517327308654785e-01
4.932154417037963867e-01 5.067845582962036133e-01
4.932275712490081787e-01 5.067723393440246582e-01
4.931250512599945068e-01 5.068749189376831055e-01
4.931425452232360840e-01 5.068574547767639160e-01
4.931588172912597656e-01 5.068411827087402344e-01
4.932150840759277344e-01 5.067848563194274902e-01
4.931576251983642578e-01 5.068424344062805176e-01
4.931111931800842285e-01 5.068888068199157715e-01
4.931581318378448486e-01 5.068418979644775391e-01
4.931122064590454102e-01 5.068877339363098145e-01
4.932601749897003174e-01 5.067398548126220703e-01
4.931786656379699707e-01 5.068212747573852539e-01
4.932360351085662842e-01 5.067639946937561035e-01
4.931946694850921631e-01 5.068053603172302246e-01
4.931940436363220215e-01 5.068058967590332031e-01
4.931430518627166748e-01 5.068569779396057129e-01
4.931933283805847168e-01 5.068066716194152832e-01
4.931734204292297363e-01 5.068265795707702637e-01
4.931633770465850830e-01 5.068365931510925293e-01
4.931409955024719238e-01 5.068589448928833008e-01
4.931578040122985840e-01 5.068421959877014160e-01
4.931808412075042725e-01 5.068191289901733398e-01
4.932318627834320068e-01 5.067680478096008301e-01
4.931870102882385254e-01 5.068130493164062500e-01
4.931561946868896484e-01 5.068437457084655762e-01
4.931812882423400879e-01 5.068187117576599121e-01
4.932143092155456543e-01 5.067856907844543457e-01
4.931818246841430664e-01 5.068181753158569336e-01
4.931271076202392578e-01 5.068728923797607422e-01
4.931526184082031250e-01 5.068473219871520996e-01
4.932056367397308350e-01 5.067943334579467773e-01
4.932033717632293701e-01 5.067966580390930176e-01
4.932466745376586914e-01 5.067532658576965332e-01
4.932104349136352539e-01 5.067896246910095215e-01
4.932727217674255371e-01 5.067272782325744629e-01
4.932074248790740967e-01 5.067924857139587402e-01
4.931888282299041748e-01 5.068111419677734375e-01
4.932240247726440430e-01 5.067759752273559570e-01
4.932690560817718506e-01 5.067309737205505371e-01
4.931971430778503418e-01 5.068029165267944336e-01
4.932409226894378662e-01 5.067589879035949707e-01
4.932506084442138672e-01 5.067493319511413574e-01
4.931572973728179932e-01 5.068427324295043945e-01
4.931778013706207275e-01 5.068221688270568848e-01
4.932262301445007324e-01 5.067737698554992676e-01
4.931793212890625000e-01 5.068206191062927246e-01
4.931817948818206787e-01 5.068182349205017090e-01
4.931825101375579834e-01 5.068175196647644043e-01
4.932031333446502686e-01 5.067968368530273438e-01
4.932508468627929688e-01 5.067492127418518066e-01
4.932648241519927979e-01 5.067352056503295898e-01
4.931404888629913330e-01 5.068594217300415039e-01
4.931859672069549561e-01 5.068140029907226562e-01
4.931804537773132324e-01 5.068196058273315430e-01
4.931021928787231445e-01 5.068978071212768555e-01
4.931833148002624512e-01 5.068166851997375488e-01
4.932011365890502930e-01 5.067988634109497070e-01
4.932005703449249268e-01 5.067993402481079102e-01
4.931500256061553955e-01 5.068500041961669922e-01
4.931586384773254395e-01 5.068413019180297852e-01
4.931938052177429199e-01 5.068061351776123047e-01
4.931363165378570557e-01 5.068636536598205566e-01
4.931874871253967285e-01 5.068125128746032715e-01
4.933238923549652100e-01 5.066761374473571777e-01
4.931329786777496338e-01 5.068669915199279785e-01
4.931381940841674805e-01 5.068618655204772949e-01
4.931791424751281738e-01 5.068208575248718262e-01
4.932296872138977051e-01 5.067703127861022949e-01
4.932219088077545166e-01 5.067781209945678711e-01
4.931570291519165039e-01 5.068429708480834961e-01
4.931207895278930664e-01 5.068791508674621582e-01
4.931287169456481934e-01 5.068713426589965820e-01
4.933315217494964600e-01 5.066683888435363770e-01
4.932023286819458008e-01 5.067976713180541992e-01
4.932266473770141602e-01 5.067733526229858398e-01
4.931778013706207275e-01 5.068221688270568848e-01
4.931348860263824463e-01 5.068651437759399414e-01
4.932094514369964600e-01 5.067905783653259277e-01
4.931426942348480225e-01 5.068572163581848145e-01
4.932036697864532471e-01 5.067963600158691406e-01
4.931598603725433350e-01 5.068401098251342773e-01
4.932053089141845703e-01 5.067946314811706543e-01
4.932157695293426514e-01 5.067842006683349609e-01
4.932594001293182373e-01 5.067405700683593750e-01
4.931950569152832031e-01 5.068049430847167969e-01
4.931828677654266357e-01 5.068171024322509766e-01
4.932640790939331055e-01 5.067358613014221191e-01
4.932497739791870117e-01 5.067502856254577637e-01
4.932896494865417480e-01 5.067102909088134766e-01
4.931688308715820312e-01 5.068311691284179688e-01
4.931233525276184082e-01 5.068766474723815918e-01
4.932357370853424072e-01 5.067642331123352051e-01
4.931852817535400391e-01 5.068146586418151855e-01
4.931848645210266113e-01 5.068151950836181641e-01
4.932099878787994385e-01 5.067899823188781738e-01
4.932551980018615723e-01 5.067447423934936523e-01
4.931736588478088379e-01 5.068264007568359375e-01
4.932094514369964600e-01 5.067905783653259277e-01
4.932333528995513916e-01 5.067666769027709961e-01
4.931738078594207764e-01 5.068261623382568359e-01
4.931315779685974121e-01 5.068683624267578125e-01
4.931513071060180664e-01 5.068487524986267090e-01
4.932077825069427490e-01 5.067921876907348633e-01
4.931743741035461426e-01 5.068256258964538574e-01
4.931994378566741943e-01 5.068005919456481934e-01
4.931805133819580078e-01 5.068194866180419922e-01
4.931753575801849365e-01 5.068246126174926758e-01
4.932825267314910889e-01 5.067174434661865234e-01
4.932050406932830811e-01 5.067950487136840820e-01
4.931443333625793457e-01 5.068557262420654297e-01
4.931298792362213135e-01 5.068701505661010742e-01
4.932605922222137451e-01 5.067394375801086426e-01
4.932642579078674316e-01 5.067357420921325684e-01
4.932573437690734863e-01 5.067425966262817383e-01
4.931833148002624512e-01 5.068166851997375488e-01
4.933423101902008057e-01 5.066577196121215820e-01
4.932724237442016602e-01 5.067276358604431152e-01
4.930815100669860840e-01 5.069184899330139160e-01
4.931968152523040771e-01 5.068031549453735352e-01
4.932240247726440430e-01 5.067759752273559570e-01
4.934249520301818848e-01 5.065751075744628906e-01
4.932037591934204102e-01 5.067962408065795898e-01
4.931163489818572998e-01 5.068836212158203125e-01
4.931634962558746338e-01 5.068364739418029785e-01
4.931804239749908447e-01 5.068196654319763184e-01
4.932555556297302246e-01 5.067444443702697754e-01
4.932304024696350098e-01 5.067695975303649902e-01
4.931365251541137695e-01 5.068634748458862305e-01
4.931884109973907471e-01 5.068115592002868652e-01
4.932194948196411133e-01 5.067805647850036621e-01
4.931975603103637695e-01 5.068024992942810059e-01
4.931755959987640381e-01 5.068243741989135742e-01
4.931752979755401611e-01 5.068247318267822266e-01
4.931552112102508545e-01 5.068447589874267578e-01
4.932289123535156250e-01 5.067710876464843750e-01
4.932152330875396729e-01 5.067847371101379395e-01
4.931669831275939941e-01 5.068330168724060059e-01
4.933364987373352051e-01 5.066635012626647949e-01
4.931582510471343994e-01 5.068416595458984375e-01
4.931713044643402100e-01 5.068287253379821777e-01
4.931403994560241699e-01 5.068596601486206055e-01
4.931770265102386475e-01 5.068230032920837402e-01
4.931640923023223877e-01 5.068359375000000000e-01
4.931800067424774170e-01 5.068200230598449707e-01
4.932272732257843018e-01 5.067727565765380859e-01
4.931488037109375000e-01 5.068512558937072754e-01
4.932195246219635010e-01 5.067804455757141113e-01
4.931865036487579346e-01 5.068134665489196777e-01
4.931049048900604248e-01 5.068951845169067383e-01
4.933297634124755859e-01 5.066702365875244141e-01
4.931539893150329590e-01 5.068460106849670410e-01
4.932632446289062500e-01 5.067368149757385254e-01
4.931704401969909668e-01 5.068295001983642578e-01
4.931782186031341553e-01 5.068217515945434570e-01
4.930962026119232178e-01 5.069037079811096191e-01
4.931899309158325195e-01 5.068100690841674805e-01
4.931518733501434326e-01 5.068481564521789551e-01
4.933822751045227051e-01 5.066176652908325195e-01
4.935091435909271240e-01 5.064908862113952637e-01
4.931867122650146484e-01 5.068133473396301270e-01
4.931962490081787109e-01 5.068037509918212891e-01
4.932374060153961182e-01 5.067626237869262695e-01
4.932286143302917480e-01 5.067713260650634766e-01
4.932161867618560791e-01 5.067837238311767578e-01
4.931795299053192139e-01 5.068204998970031738e-01
4.931734204292297363e-01 5.068265795707702637e-01
4.931402504444122314e-01 5.068597793579101562e-01
4.932098686695098877e-01 5.067901611328125000e-01
4.932192564010620117e-01 5.067807435989379883e-01
4.932223260402679443e-01 5.067777037620544434e-01
4.932772517204284668e-01 5.067226886749267578e-01
4.931965172290802002e-01 5.068035125732421875e-01
4.932049810886383057e-01 5.067949295043945312e-01
4.932183623313903809e-01 5.067816972732543945e-01
4.931826889514923096e-01 5.068172216415405273e-01
4.931437969207763672e-01 5.068562030792236328e-01
4.931737780570983887e-01 5.068262815475463867e-01
4.932591319084167480e-01 5.067408084869384766e-01
4.931626319885253906e-01 5.068373084068298340e-01
4.931925535202026367e-01 5.068075060844421387e-01
4.931613802909851074e-01 5.068386793136596680e-01
4.932956099510192871e-01 5.067043304443359375e-01
4.932078421115875244e-01 5.067921876907348633e-01
4.932429194450378418e-01 5.067570805549621582e-01
4.932127594947814941e-01 5.067873001098632812e-01
4.932251572608947754e-01 5.067749023437500000e-01
4.931849539279937744e-01 5.068151354789733887e-01
4.931837916374206543e-01 5.068162083625793457e-01
4.932365417480468750e-01 5.067634582519531250e-01
4.931924045085906982e-01 5.068076252937316895e-01
4.931944608688354492e-01 5.068055391311645508e-01
4.932077825069427490e-01 5.067922472953796387e-01
4.931706488132476807e-01 5.068293213844299316e-01
4.932145774364471436e-01 5.067853927612304688e-01
4.931376874446868896e-01 5.068622827529907227e-01
4.931689798831939697e-01 5.068309903144836426e-01
4.931713044643402100e-01 5.068287253379821777e-01
4.933390319347381592e-01 5.066609382629394531e-01
4.932314157485961914e-01 5.067686438560485840e-01
4.931153357028961182e-01 5.068846940994262695e-01
4.931773841381072998e-01 5.068225860595703125e-01
4.932005405426025391e-01 5.067994594573974609e-01
4.931341409683227539e-01 5.068658590316772461e-01
4.931271076202392578e-01 5.068728923797607422e-01
4.931638836860656738e-01 5.068361163139343262e-01
4.932001531124114990e-01 5.067998170852661133e-01
4.931321740150451660e-01 5.068677663803100586e-01
4.932994544506072998e-01 5.067005753517150879e-01
4.931707680225372314e-01 5.068292617797851562e-01
4.931889176368713379e-01 5.068111419677734375e-01
4.931388199329376221e-01 5.068612098693847656e-01
4.931709766387939453e-01 5.068290233612060547e-01
4.931440949440002441e-01 5.068559646606445312e-01
4.931364953517913818e-01 5.068635344505310059e-01
4.931233525276184082e-01 5.068766474723815918e-01
4.931842684745788574e-01 5.068157315254211426e-01
4.931551516056060791e-01 5.068448185920715332e-01
4.932020902633666992e-01 5.067979097366333008e-01
4.931431710720062256e-01 5.068568587303161621e-01
4.931192398071289062e-01 5.068807601928710938e-01
4.931769967079162598e-01 5.068230032920837402e-01
4.931778609752655029e-01 5.068221092224121094e-01
4.932418465614318848e-01 5.067582130432128906e-01
4.931981563568115234e-01 5.068019032478332520e-01
4.931943714618682861e-01 5.068056583404541016e-01
4.931929111480712891e-01 5.068070888519287109e-01
4.931468665599822998e-01 5.068532228469848633e-01
4.932862520217895508e-01 5.067137479782104492e-01
4.931323826313018799e-01 5.068676471710205078e-01
4.931463003158569336e-01 5.068536996841430664e-01
4.930745363235473633e-01 5.069254040718078613e-01
4.931613504886627197e-01 5.068386197090148926e-01
4.931598603725433350e-01 5.068401098251342773e-01
4.931378066539764404e-01 5.068621635437011719e-01
4.931833446025848389e-01 5.068166255950927734e-01
4.932589828968048096e-01 5.067409873008728027e-01
4.932232201099395752e-01 5.067767500877380371e-01
4.932077825069427490e-01 5.067922472953796387e-01
4.931920170783996582e-01 5.068079829216003418e-01
4.931881725788116455e-01 5.068118572235107422e-01
4.933822751045227051e-01 5.066176652908325195e-01
4.931842684745788574e-01 5.068157315254211426e-01
4.931820034980773926e-01 5.068179965019226074e-01
4.932033419609069824e-01 5.067965984344482422e-01
4.932163953781127930e-01 5.067836046218872070e-01
4.932107925415039062e-01 5.067892074584960938e-01
4.932580292224884033e-01 5.067419409751892090e-01
4.931378662586212158e-01 5.068621635437011719e-01
4.932624101638793945e-01 5.067375302314758301e-01
4.931304454803466797e-01 5.068695545196533203e-01
4.932105839252471924e-01 5.067894458770751953e-01
4.931266307830810547e-01 5.068733692169189453e-01
4.931563436985015869e-01 5.068436264991760254e-01
4.931544065475463867e-01 5.068455338478088379e-01
4.932171702384948730e-01 5.067828297615051270e-01
4.931898713111877441e-01 5.068101286888122559e-01
4.931938946247100830e-01 5.068060755729675293e-01
4.931999146938323975e-01 5.068000555038452148e-01
4.932381212711334229e-01 5.067618489265441895e-01
4.931853711605072021e-01 5.068145990371704102e-01
4.931854903697967529e-01 5.068145394325256348e-01
4.932956099510192871e-01 5.067043304443359375e-01
4.931754767894744873e-01 5.068245530128479004e-01
4.931758046150207520e-01 5.068241953849792480e-01
4.932132065296173096e-01 5.067867636680603027e-01
4.932290315628051758e-01 5.067710280418395996e-01
4.931409358978271484e-01 5.068590044975280762e-01
4.933123886585235596e-01 5.066876411437988281e-01
4.932099282741546631e-01 5.067900419235229492e-01
4.931960999965667725e-01 5.068039894104003906e-01
4.931723773479461670e-01 5.068275928497314453e-01
4.932343363761901855e-01 5.067656040191650391e-01
4.931329786777496338e-01 5.068669915199279785e-01
4.932532906532287598e-01 5.067467093467712402e-01
4.931683540344238281e-01 5.068316459655761719e-01
4.931957721710205078e-01 5.068042874336242676e-01
4.932068586349487305e-01 5.067931413650512695e-01
4.932615160942077637e-01 5.067384839057922363e-01
4.932393431663513184e-01 5.067605972290039062e-01
4.931294322013854980e-01 5.068705081939697266e-01
4.932036101818084717e-01 5.067964196205139160e-01
4.931434094905853271e-01 5.068566203117370605e-01
4.931271076202392578e-01 5.068728923797607422e-01
4.932158589363098145e-01 5.067842006683349609e-01
4.932363331317901611e-01 5.067636966705322266e-01
4.931281805038452148e-01 5.068718194961547852e-01
4.932875335216522217e-01 5.067124962806701660e-01
4.931463003158569336e-01 5.068536996841430664e-01
4.931767284870147705e-01 5.068233013153076172e-01
4.931566417217254639e-01 5.068433284759521484e-01
4.931351244449615479e-01 5.068649053573608398e-01
4.932209253311157227e-01 5.067790746688842773e-01
4.932938516139984131e-01 5.067061781883239746e-01
4.931809902191162109e-01 5.068190097808837891e-01
4.931634962558746338e-01 5.068365335464477539e-01
4.931668639183044434e-01 5.068331956863403320e-01
4.932151138782501221e-01 5.067848563194274902e-01
4.931646883487701416e-01 5.068354010581970215e-01
4.932870566844940186e-01 5.067129135131835938e-01
4.933364987373352051e-01 5.066635012626647949e-01
4.931381046772003174e-01 5.068619251251220703e-01
4.932281374931335449e-01 5.067718625068664551e-01
4.931597411632537842e-01 5.068402290344238281e-01
4.931889176368713379e-01 5.068110823631286621e-01
4.931961297988891602e-01 5.068038105964660645e-01
4.931761324405670166e-01 5.068237781524658203e-01
4.933679103851318359e-01 5.066321492195129395e-01
4.932194650173187256e-01 5.067805051803588867e-01
4.931278526782989502e-01 5.068721771240234375e-01
4.931887090206146240e-01 5.068112611770629883e-01
4.932009875774383545e-01 5.067989826202392578e-01
4.931645393371582031e-01 5.068354606628417969e-01
4.932152032852172852e-01 5.067847371101379395e-01
4.932196736335754395e-01 5.067802667617797852e-01
4.931713342666625977e-01 5.068287253379821777e-01
4.931730031967163086e-01 5.068269968032836914e-01
4.931558370590209961e-01 5.068441629409790039e-01
4.932161271572113037e-01 5.067839026451110840e-01
4.931814670562744141e-01 5.068185925483703613e-01
4.932980239391326904e-01 5.067019462585449219e-01
4.932005107402801514e-01 5.067993998527526855e-01
4.932623803615570068e-01 5.067375898361206055e-01
4.931609034538269043e-01 5.068390965461730957e-01
4.931891858577728271e-01 5.068109035491943359e-01
4.931557476520538330e-01 5.068443417549133301e-01
4.932163953781127930e-01 5.067836046218872070e-01
4.931900501251220703e-01 5.068098902702331543e-01
4.931378662586212158e-01 5.068621635437011719e-01
4.931361079216003418e-01 5.068638920783996582e-01
4.932049810886383057e-01 5.067949295043945312e-01
4.932373464107513428e-01 5.067626833915710449e-01
4.932033717632293701e-01 5.067965984344482422e-01
4.932008683681488037e-01 5.067991614341735840e-01
4.931689798831939697e-01 5.068309903144836426e-01
4.931872785091400146e-01 5.068126916885375977e-01
4.931020736694335938e-01 5.068979263305664062e-01
4.931483864784240723e-01 5.068515539169311523e-01
4.931564629077911377e-01 5.068435072898864746e-01
4.931352436542510986e-01 5.068647861480712891e-01
4.932096004486083984e-01 5.067903399467468262e-01
4.932245016098022461e-01 5.067755579948425293e-01
4.931580722332000732e-01 5.068420171737670898e-01
4.931877255439758301e-01 5.068122744560241699e-01
4.931327998638153076e-01 5.068672299385070801e-01
4.932600259780883789e-01 5.067399740219116211e-01
4.931921362876892090e-01 5.068078041076660156e-01
4.932626485824584961e-01 5.067374110221862793e-01
4.931837618350982666e-01 5.068162083625793457e-01
4.931892454624176025e-01 5.068107843399047852e-01
4.931670725345611572e-01 5.068328380584716797e-01
4.930897951126098633e-01 5.069102048873901367e-01
4.931581616401672363e-01 5.068417787551879883e-01
4.933312535285949707e-01 5.066687464714050293e-01
4.931999742984771729e-01 5.067999958992004395e-01
4.931731820106506348e-01 5.068268179893493652e-01
4.931354224681854248e-01 5.068646073341369629e-01
4.931370317935943604e-01 5.068629384040832520e-01
4.931854605674743652e-01 5.068145394325256348e-01
4.931713342666625977e-01 5.068287253379821777e-01
4.930980205535888672e-01 5.069019794464111328e-01
4.931693971157073975e-01 5.068305134773254395e-01
4.931605756282806396e-01 5.068393945693969727e-01
4.931828081607818604e-01 5.068171620368957520e-01
4.931983351707458496e-01 5.068016052246093750e-01
4.932165145874023438e-01 5.067834854125976562e-01
4.931500852108001709e-01 5.068498849868774414e-01
4.931450486183166504e-01 5.068549513816833496e-01
4.931361079216003418e-01 5.068638324737548828e-01
4.932240247726440430e-01 5.067759752273559570e-01
4.932055771350860596e-01 5.067944526672363281e-01
4.932661652565002441e-01 5.067338347434997559e-01
4.931666851043701172e-01 5.068333148956298828e-01
4.931581020355224609e-01 5.068419575691223145e-01
4.932377040386199951e-01 5.067623257637023926e-01
4.932065010070800781e-01 5.067935585975646973e-01
4.931768178939819336e-01 5.068231821060180664e-01
4.931753575801849365e-01 5.068246126174926758e-01
4.933498203754425049e-01 5.066500902175903320e-01
4.932289123535156250e-01 5.067710876464843750e-01
4.932111203670501709e-01 5.067889094352722168e-01
4.931748509407043457e-01 5.068252086639404297e-01
4.933160245418548584e-01 5.066840052604675293e-01
4.931555390357971191e-01 5.068445205688476562e-01
4.931993782520294189e-01 5.068005919456481934e-01
4.931383728981018066e-01 5.068615674972534180e-01
4.931461811065673828e-01 5.068538188934326172e-01
4.931271076202392578e-01 5.068728923797607422e-01
4.933795034885406494e-01 5.066205263137817383e-01
4.931613504886627197e-01 5.068386197090148926e-01
4.931842982769012451e-01 5.068157315254211426e-01
4.932117164134979248e-01 5.067883729934692383e-01
4.931576251983642578e-01 5.068423748016357422e-01
4.932215809822082520e-01 5.067784190177917480e-01
4.931543469429016113e-01 5.068456530570983887e-01
4.932166337966918945e-01 5.067833662033081055e-01
4.931846857070922852e-01 5.068153142929077148e-01
4.931408464908599854e-01 5.068591833114624023e-01
4.932509660720825195e-01 5.067490339279174805e-01
4.931661188602447510e-01 5.068338513374328613e-01
4.931727051734924316e-01 5.068272352218627930e-01
4.931594729423522949e-01 5.068405270576477051e-01
4.931970238685607910e-01 5.068030357360839844e-01
4.931556582450866699e-01 5.068443417549133301e-01
4.931400716304779053e-01 5.068598985671997070e-01
4.931853711605072021e-01 5.068145990371704102e-01
4.930984675884246826e-01 5.069014430046081543e-01
4.932183623313903809e-01 5.067816972732543945e-01
4.931955635547637939e-01 5.068044662475585938e-01
4.931517243385314941e-01 5.068482756614685059e-01
4.931967854499816895e-01 5.068032145500183105e-01
4.931485354900360107e-01 5.068514347076416016e-01
4.931901395320892334e-01 5.068098902702331543e-01
4.931482672691345215e-01 5.068517327308654785e-01
4.931593835353851318e-01 5.068405866622924805e-01
4.931542873382568359e-01 5.068456530570983887e-01
4.932744204998016357e-01 5.067255496978759766e-01
4.932437837123870850e-01 5.067562460899353027e-01
4.931662380695343018e-01 5.068337917327880859e-01
4.931469857692718506e-01 5.068531036376953125e-01
4.931668639183044434e-01 5.068331956863403320e-01
4.932868778705596924e-01 5.067130923271179199e-01
4.931430518627166748e-01 5.068569779396057129e-01
4.932072758674621582e-01 5.067926645278930664e-01
4.932263493537902832e-01 5.067735910415649414e-01
4.931482672691345215e-01 5.068516731262207031e-01
4.931390881538391113e-01 5.068609118461608887e-01
4.932281076908111572e-01 5.067718625068664551e-01
4.932397603988647461e-01 5.067602396011352539e-01
4.932236969470977783e-01 5.067762732505798340e-01
4.931485354900360107e-01 5.068514347076416016e-01
4.932055473327636719e-01 5.067943930625915527e-01
4.932508468627929688e-01 5.067492127418518066e-01
4.932118058204650879e-01 5.067881941795349121e-01
4.932477474212646484e-01 5.067521929740905762e-01
4.931742548942565918e-01 5.068256855010986328e-01
4.932437837123870850e-01 5.067562460899353027e-01
4.932805299758911133e-01 5.067194700241088867e-01
4.931764900684356689e-01 5.068234801292419434e-01
4.931976795196533203e-01 5.068023800849914551e-01
4.931403398513793945e-01 5.068596601486206055e-01
4.931859970092773438e-01 5.068140029907226562e-01
4.931932389736175537e-01 5.068067908287048340e-01
4.932045340538024902e-01 5.067954659461975098e-01
4.932069480419158936e-01 5.067930817604064941e-01
4.932617843151092529e-01 5.067382454872131348e-01
4.931921064853668213e-01 5.068079233169555664e-01
4.931858479976654053e-01 5.068141818046569824e-01
4.931223690509796143e-01 5.068776011466979980e-01
4.931790530681610107e-01 5.068209171295166016e-01
4.931531548500061035e-01 5.068468451499938965e-01
4.932508468627929688e-01 5.067492127418518066e-01
4.931438565254211426e-01 5.068561434745788574e-01
4.931362569332122803e-01 5.068637132644653320e-01
4.931761622428894043e-01 5.068238377571105957e-01
4.931278526782989502e-01 5.068721771240234375e-01
4.931767284870147705e-01 5.068233013153076172e-01
4.930992126464843750e-01 5.069007873535156250e-01
4.931200444698333740e-01 5.068799257278442383e-01
4.931582510471343994e-01 5.068417191505432129e-01
4.932467937469482422e-01 5.067532062530517578e-01
4.931497275829315186e-01 5.068503022193908691e-01
4.931882917881011963e-01 5.068116784095764160e-01
4.932310283184051514e-01 5.067690014839172363e-01
4.931752979755401611e-01 5.068247318267822266e-01
4.931876063346862793e-01 5.068123340606689453e-01
4.932214915752410889e-01 5.067784786224365234e-01
4.931543469429016113e-01 5.068456530570983887e-01
4.932593703269958496e-01 5.067405700683593750e-01
4.931619763374328613e-01 5.068380236625671387e-01
4.931852221488952637e-01 5.068147778511047363e-01
4.932207465171813965e-01 5.067792534828186035e-01
4.931204617023468018e-01 5.068795680999755859e-01
4.931696653366088867e-01 5.068303346633911133e-01
4.931485354900360107e-01 5.068514347076416016e-01
4.931886494159698486e-01 5.068113803863525391e-01
4.931765198707580566e-01 5.068234205245971680e-01
4.931980073451995850e-01 5.068020224571228027e-01
4.932289719581604004e-01 5.067710876464843750e-01
4.931511282920837402e-01 5.068489313125610352e-01
4.931192398071289062e-01 5.068807601928710938e-01
4.931092858314514160e-01 5.068907737731933594e-01
4.932300448417663574e-01 5.067699551582336426e-01
4.931905567646026611e-01 5.068094134330749512e-01
4.932074248790740967e-01 5.067924857139587402e-01
4.931858479976654053e-01 5.068141818046569824e-01
4.931521713733673096e-01 5.068477988243103027e-01
4.931640923023223877e-01 5.068358778953552246e-01
4.931624829769134521e-01 5.068375468254089355e-01
4.931606650352478027e-01 5.068392753601074219e-01
4.932363331317901611e-01 5.067636966705322266e-01
4.932390153408050537e-01 5.067609548568725586e-01
4.931855797767639160e-01 5.068144202232360840e-01
4.931972324848175049e-01 5.068027973175048828e-01
4.931770265102386475e-01 5.068230032920837402e-01
4.933160245418548584e-01 5.066840052604675293e-01
4.931463003158569336e-01 5.068537592887878418e-01
4.932008087635040283e-01 5.067991614341735840e-01
4.932223260402679443e-01 5.067777037620544434e-01
4.932091832160949707e-01 5.067908167839050293e-01
4.932246208190917969e-01 5.067754387855529785e-01
4.932183623313903809e-01 5.067816972732543945e-01
4.931858479976654053e-01 5.068141818046569824e-01
4.932098388671875000e-01 5.067901015281677246e-01
4.931588172912597656e-01 5.068411827087402344e-01
4.932754039764404297e-01 5.067245960235595703e-01
4.931849241256713867e-01 5.068150162696838379e-01
4.931444227695465088e-01 5.068555474281311035e-01
4.931625425815582275e-01 5.068375468254089355e-01
4.931409060955047607e-01 5.068590641021728516e-01
4.931246638298034668e-01 5.068753361701965332e-01
4.932467937469482422e-01 5.067532062530517578e-01
4.931804537773132324e-01 5.068196058273315430e-01
4.932093024253845215e-01 5.067907571792602539e-01
4.931385219097137451e-01 5.068615078926086426e-01
4.931526780128479004e-01 5.068472623825073242e-01
4.931674003601074219e-01 5.068325400352478027e-01
4.932509660720825195e-01 5.067490339279174805e-01
4.931466579437255859e-01 5.068534016609191895e-01
4.932468235492706299e-01 5.067532062530517578e-01
4.931656420230865479e-01 5.068343281745910645e-01
4.931547045707702637e-01 5.068453550338745117e-01
4.931223690509796143e-01 5.068776011466979980e-01
4.931790530681610107e-01 5.068209171295166016e-01
4.932849109172821045e-01 5.067151188850402832e-01
4.932604134082794189e-01 5.067395567893981934e-01
4.931905269622802734e-01 5.068094730377197266e-01
4.931782186031341553e-01 5.068218708038330078e-01
4.931581020355224609e-01 5.068419575691223145e-01
4.931172728538513184e-01 5.068826675415039062e-01
4.931871294975280762e-01 5.068128705024719238e-01
4.932754039764404297e-01 5.067245960235595703e-01
4.931570291519165039e-01 5.068429708480834961e-01
4.931595921516418457e-01 5.068404078483581543e-01
4.931474924087524414e-01 5.068524479866027832e-01
4.931514263153076172e-01 5.068486332893371582e-01
4.932215511798858643e-01 5.067784190177917480e-01
4.932144880294799805e-01 5.067855119705200195e-01
4.932966828346252441e-01 5.067033767700195312e-01
4.932122230529785156e-01 5.067877173423767090e-01
4.931567907333374023e-01 5.068432092666625977e-01
4.932121336460113525e-01 5.067878365516662598e-01
4.931869506835937500e-01 5.068130493164062500e-01
4.931886792182922363e-01 5.068113803863525391e-01
4.931765198707580566e-01 5.068234205245971680e-01
4.932093620300292969e-01 5.067906379699707031e-01
4.931369721889495850e-01 5.068630576133728027e-01
4.931552410125732422e-01 5.068447589874267578e-01
4.931662380695343018e-01 5.068337917327880859e-01
4.932055771350860596e-01 5.067943930625915527e-01
4.931813478469848633e-01 5.068187117576599121e-01
4.933387339115142822e-01 5.066612958908081055e-01
4.931271970272064209e-01 5.068727135658264160e-01
4.932017922401428223e-01 5.067982077598571777e-01
4.931826889514923096e-01 5.068172216415405273e-01
4.933670759201049805e-01 5.066328644752502441e-01
4.931514561176300049e-01 5.068485736846923828e-01
4.933670759201049805e-01 5.066328644752502441e-01
4.931535422801971436e-01 5.068464875221252441e-01
4.931846261024475098e-01 5.068153738975524902e-01
4.931877851486206055e-01 5.068122148513793945e-01
4.931653439998626709e-01 5.068346261978149414e-01
4.931960701942443848e-01 5.068039894104003906e-01
4.931918680667877197e-01 5.068081021308898926e-01
4.931830465793609619e-01 5.068169832229614258e-01
4.932356774806976318e-01 5.067643523216247559e-01
4.931519031524658203e-01 5.068480372428894043e-01
4.931329786777496338e-01 5.068669915199279785e-01
4.934169948101043701e-01 5.065830349922180176e-01
4.933323264122009277e-01 5.066676735877990723e-01
4.931313991546630859e-01 5.068686008453369141e-01
4.931349158287048340e-01 5.068650245666503906e-01
4.931265413761138916e-01 5.068734884262084961e-01
4.931463897228240967e-01 5.068536400794982910e-01
4.931920170783996582e-01 5.068079233169555664e-01
