4.726032316684722900e-01 5.273967385292053223e-01
4.726068675518035889e-01 5.273931622505187988e-01
4.726290702819824219e-01 5.273709297180175781e-01
4.726988673210144043e-01 5.273011326789855957e-01
4.727281928062438965e-01 5.272718071937561035e-01
4.726525843143463135e-01 5.273473858833312988e-01
4.728009998798370361e-01 5.271989703178405762e-01
4.726852774620056152e-01 5.273147225379943848e-01
4.728471338748931885e-01 5.271528363227844238e-01
4.727893173694610596e-01 5.272106528282165527e-01
4.727638959884643555e-01 5.272361636161804199e-01
4.727851450443267822e-01 5.272148847579956055e-01
4.727426469326019287e-01 5.272573828697204590e-01
4.726237058639526367e-01 5.273762941360473633e-01
4.726996719837188721e-01 5.273003578186035156e-01
4.726911783218383789e-01 5.273087620735168457e-01
4.729032516479492188e-01 5.270966887474060059e-01
4.727737009525299072e-01 5.272262692451477051e-01
4.725884199142456055e-01 5.274115204811096191e-01
4.727130532264709473e-01 5.272870063781738281e-01
4.727022349834442139e-01 5.272977352142333984e-01
4.727405011653900146e-01 5.272595286369323730e-01
4.727578461170196533e-01 5.272421836853027344e-01
4.727430343627929688e-01 5.272569656372070312e-01
4.727578461170196533e-01 5.272421836853027344e-01
4.728077352046966553e-01 5.271922349929809570e-01
4.727476537227630615e-01 5.272523164749145508e-01
4.727742075920104980e-01 5.272258520126342773e-01
4.727523624897003174e-01 5.272475481033325195e-01
4.727081060409545898e-01 5.272918343544006348e-01
4.724486172199249268e-01 5.275513529777526855e-01
4.727927446365356445e-01 5.272072553634643555e-01
4.723688364028930664e-01 5.276311635971069336e-01
4.728498756885528564e-01 5.271501541137695312e-01
4.727310836315155029e-01 5.272688865661621094e-01
4.726215004920959473e-01 5.273784995079040527e-01
4.726669788360595703e-01 5.273329615592956543e-01
4.726716876029968262e-01 5.273282527923583984e-01
4.726720750331878662e-01 5.273279547691345215e-01
4.729008972644805908e-01 5.270990729331970215e-01
4.728067219257354736e-01 5.271932482719421387e-01
4.726513028144836426e-01 5.273486375808715820e-01
4.726832807064056396e-01 5.273166894912719727e-01
4.727063775062561035e-01 5.272936224937438965e-01
4.726855456829071045e-01 5.273143649101257324e-01
4.728460907936096191e-01 5.271539092063903809e-01
4.727616608142852783e-01 5.272383093833923340e-01
4.726653099060058594e-01 5.273347496986389160e-01
4.726660847663879395e-01 5.273339152336120605e-01
4.728573858737945557e-01 5.271425843238830566e-01
4.726860523223876953e-01 5.273139476776123047e-01
4.725918769836425781e-01 5.274081230163574219e-01
4.725471735000610352e-01 5.274528264999389648e-01
4.725346267223358154e-01 5.274654030799865723e-01
4.727194607257843018e-01 5.272805690765380859e-01
4.726637005805969238e-01 5.273363590240478516e-01
4.725859165191650391e-01 5.274140834808349609e-01
4.726602733135223389e-01 5.273397564888000488e-01
4.727389514446258545e-01 5.272610783576965332e-01
4.727353155612945557e-01 5.272646546363830566e-01
4.727514982223510742e-01 5.272485017776489258e-01
4.727453589439392090e-01 5.272546410560607910e-01
4.729078114032745361e-01 5.270922183990478516e-01
4.730623066425323486e-01 5.269377231597900391e-01
4.727383255958557129e-01 5.272616147994995117e-01
4.726972579956054688e-01 5.273028016090393066e-01
4.726538062095642090e-01 5.273461341857910156e-01
4.725379645824432373e-01 5.274620652198791504e-01
4.727039039134979248e-01 5.272961854934692383e-01
4.727822542190551758e-01 5.272177457809448242e-01
4.725582599639892578e-01 5.274417400360107422e-01
4.726495444774627686e-01 5.273503661155700684e-01
4.728111922740936279e-01 5.271887779235839844e-01
4.727364778518676758e-01 5.272635221481323242e-01
4.727569520473480225e-01 5.272430777549743652e-01
4.728044867515563965e-01 5.271955132484436035e-01
4.724316895008087158e-01 5.275683403015136719e-01
4.726566970348358154e-01 5.273432731628417969e-01
4.727059006690979004e-01 5.272940993309020996e-01
4.726559817790985107e-01 5.273440480232238770e-01
4.726076722145080566e-01 5.273922681808471680e-01
4.725963771343231201e-01 5.274036526679992676e-01
4.725884199142456055e-01 5.274115204811096191e-01
4.720388054847717285e-01 5.279611945152282715e-01
4.726616144180297852e-01 5.273383855819702148e-01
4.725672602653503418e-01 5.274327397346496582e-01
4.727070033550262451e-01 5.272930264472961426e-01
4.726992845535278320e-01 5.273007154464721680e-01
4.726144671440124512e-01 5.273854732513427734e-01
4.726094603538513184e-01 5.273904800415039062e-01
4.727938771247863770e-01 5.272061228752136230e-01
4.726853668689727783e-01 5.273146629333496094e-01
4.727198481559753418e-01 5.272800922393798828e-01
4.727729558944702148e-01 5.272271037101745605e-01
4.726448953151702881e-01 5.273550748825073242e-01
4.726620912551879883e-01 5.273378491401672363e-01
4.727408587932586670e-01 5.272591710090637207e-01
4.724325239658355713e-01 5.275675058364868164e-01
4.725438356399536133e-01 5.274561047554016113e-01
4.727431833744049072e-01 5.272568464279174805e-01
4.726824760437011719e-01 5.273175835609436035e-01
4.727494716644287109e-01 5.272505283355712891e-01
4.727904796600341797e-01 5.272095203399658203e-01
4.728986322879791260e-01 5.271013975143432617e-01
4.727471768856048584e-01 5.272528529167175293e-01
4.724849462509155273e-01 5.275149941444396973e-01
4.728410243988037109e-01 5.271590352058410645e-01
4.727977216243743896e-01 5.272022485733032227e-01
4.727896749973297119e-01 5.272102355957031250e-01
4.726825952529907227e-01 5.273173451423645020e-01
4.728056788444519043e-01 5.271943807601928711e-01
4.728061854839324951e-01 5.271937847137451172e-01
4.727669656276702881e-01 5.272330641746520996e-01
4.727557301521301270e-01 5.272442698478698730e-01
4.727364778518676758e-01 5.272635221481323242e-01
4.727864265441894531e-01 5.272135734558105469e-01
4.728582501411437988e-01 5.271418094635009766e-01
4.726914167404174805e-01 5.273085832595825195e-01
4.727596044540405273e-01 5.272403955459594727e-01
4.727292954921722412e-01 5.272706747055053711e-01
4.728661179542541504e-01 5.271338820457458496e-01
4.728077650070190430e-01 5.271922349929809570e-01
4.728067219257354736e-01 5.271932482719421387e-01
4.726784825325012207e-01 5.273215770721435547e-01
4.727084934711456299e-01 5.272914767265319824e-01
4.728038012981414795e-01 5.271961688995361328e-01
4.727498888969421387e-01 5.272501707077026367e-01
4.727821052074432373e-01 5.272178649902343750e-01
4.729822576045989990e-01 5.270177721977233887e-01
4.725569486618041992e-01 5.274430513381958008e-01
4.728296995162963867e-01 5.271703004837036133e-01
4.726863503456115723e-01 5.273136496543884277e-01
4.726788997650146484e-01 5.273211002349853516e-01
4.726784825325012207e-01 5.273215174674987793e-01
4.726765751838684082e-01 5.273234248161315918e-01
4.726947247982025146e-01 5.273052453994750977e-01
4.727542400360107422e-01 5.272457599639892578e-01
4.727208018302917480e-01 5.272791981697082520e-01
4.728880822658538818e-01 5.271119475364685059e-01
4.726134836673736572e-01 5.273865461349487305e-01
4.729298055171966553e-01 5.270702242851257324e-01
4.727665185928344727e-01 5.272335410118103027e-01
4.726592600345611572e-01 5.273407697677612305e-01
4.727733135223388672e-01 5.272266864776611328e-01
4.728596806526184082e-01 5.271403789520263672e-01
4.726067781448364258e-01 5.273932218551635742e-01
4.727579951286315918e-01 5.272419452667236328e-01
4.726233780384063721e-01 5.273765921592712402e-01
4.727525115013122559e-01 5.272474884986877441e-01
4.726798236370086670e-01 5.273201465606689453e-01
4.729418754577636719e-01 5.270581245422363281e-01
4.727519154548645020e-01 5.272480249404907227e-01
4.726664125919342041e-01 5.273335576057434082e-01
4.727299213409423828e-01 5.272700786590576172e-01
4.727620482444763184e-01 5.272379517555236816e-01
4.726455807685852051e-01 5.273544192314147949e-01
4.725720584392547607e-01 5.274279117584228516e-01
4.726645946502685547e-01 5.273354053497314453e-01
4.724797308444976807e-01 5.275202393531799316e-01
4.725890159606933594e-01 5.274109840393066406e-01
4.726558029651641846e-01 5.273441672325134277e-01
4.726594090461730957e-01 5.273405909538269043e-01
4.728130400180816650e-01 5.271869897842407227e-01
4.726790785789489746e-01 5.273209810256958008e-01
4.727010428905487061e-01 5.272989273071289062e-01
4.728516936302185059e-01 5.271483659744262695e-01
4.727663695812225342e-01 5.272336602210998535e-01
4.725595414638519287e-01 5.274404287338256836e-01
4.725648164749145508e-01 5.274351835250854492e-01
4.727063477039337158e-01 5.272936224937438965e-01
4.725284278392791748e-01 5.274715423583984375e-01
4.727478921413421631e-01 5.272521376609802246e-01
4.729388952255249023e-01 5.270610451698303223e-01
4.726872146129608154e-01 5.273127555847167969e-01
4.727393984794616699e-01 5.272606015205383301e-01
4.727231860160827637e-01 5.272768139839172363e-01
4.724374115467071533e-01 5.275625586509704590e-01
4.726653397083282471e-01 5.273346900939941406e-01
4.725597500801086426e-01 5.274403095245361328e-01
4.727715551853179932e-01 5.272284746170043945e-01
4.726938009262084961e-01 5.273061394691467285e-01
4.725569486618041992e-01 5.274430513381958008e-01
4.727324545383453369e-01 5.272675752639770508e-01
4.727757871150970459e-01 5.272241830825805664e-01
4.726185500621795654e-01 5.273814201354980469e-01
4.728296995162963867e-01 5.271703004837036133e-01
4.725503325462341309e-01 5.274496078491210938e-01
4.728342890739440918e-01 5.271657109260559082e-01
4.728186428546905518e-01 5.271813273429870605e-01
4.729822576045989990e-01 5.270177721977233887e-01
4.728823006153106689e-01 5.271177887916564941e-01
4.727956056594848633e-01 5.272044539451599121e-01
4.727909564971923828e-01 5.272089838981628418e-01
4.727381169795989990e-01 5.272617936134338379e-01
4.726469814777374268e-01 5.273530483245849609e-01
4.726289212703704834e-01 5.273710489273071289e-01
4.728160798549652100e-01 5.271839499473571777e-01
4.727767407894134521e-01 5.272232294082641602e-01
4.726807177066802979e-01 5.273192524909973145e-01
4.727345407009124756e-01 5.272654891014099121e-01
4.726811945438385010e-01 5.273187756538391113e-01
4.727034270763397217e-01 5.272966027259826660e-01
4.727601706981658936e-01 5.272397994995117188e-01
4.726682007312774658e-01 5.273317694664001465e-01
4.725462496280670166e-01 5.274537801742553711e-01
4.726957082748413086e-01 5.273042917251586914e-01
4.720716178417205811e-01 5.279283523559570312e-01
4.727405011653900146e-01 5.272595286369323730e-01
4.725720584392547607e-01 5.274279117584228516e-01
4.726104438304901123e-01 5.273895263671875000e-01
4.727352261543273926e-01 5.272647142410278320e-01
4.726236462593078613e-01 5.273763537406921387e-01
4.725637137889862061e-01 5.274363160133361816e-01
4.727515280246734619e-01 5.272485017776489258e-01
4.725838303565979004e-01 5.274161696434020996e-01
4.726977944374084473e-01 5.273022651672363281e-01
4.727037549018859863e-01 5.272963047027587891e-01
4.727197289466857910e-01 5.272802710533142090e-01
4.726414084434509277e-01 5.273585915565490723e-01
4.728246331214904785e-01 5.271754264831542969e-01
4.727715849876403809e-01 5.272284150123596191e-01
4.726203680038452148e-01 5.273796916007995605e-01
4.724675118923187256e-01 5.275325179100036621e-01
4.727680385112762451e-01 5.272319912910461426e-01
4.726000726222991943e-01 5.273998975753784180e-01
4.726396203041076660e-01 5.273603200912475586e-01
4.726696610450744629e-01 5.273303389549255371e-01
4.727009236812591553e-01 5.272990465164184570e-01
4.728071689605712891e-01 5.271928906440734863e-01
4.727438092231750488e-01 5.272561907768249512e-01
4.729197025299072266e-01 5.270802974700927734e-01
4.727494418621063232e-01 5.272506475448608398e-01
4.728058874607086182e-01 5.271941423416137695e-01
4.727681279182434082e-01 5.272318720817565918e-01
4.729494452476501465e-01 5.270506143569946289e-01
4.728668332099914551e-01 5.271331667900085449e-01
4.727236628532409668e-01 5.272763967514038086e-01
4.724325239658355713e-01 5.275675058364868164e-01
4.727492928504943848e-01 5.272507071495056152e-01
4.726505577564239502e-01 5.273494124412536621e-01
4.727316796779632568e-01 5.272682905197143555e-01
4.727654457092285156e-01 5.272344946861267090e-01
4.726640880107879639e-01 5.273358821868896484e-01
4.729454219341278076e-01 5.270545482635498047e-01
4.728017747402191162e-01 5.271981954574584961e-01
4.726988673210144043e-01 5.273011326789855957e-01
4.729337692260742188e-01 5.270662903785705566e-01
4.727204442024230957e-01 5.272794961929321289e-01
4.727298617362976074e-01 5.272701382637023926e-01
4.726673662662506104e-01 5.273326039314270020e-01
4.726772904396057129e-01 5.273226499557495117e-01
4.727659225463867188e-01 5.272340774536132812e-01
4.728498756885528564e-01 5.271501541137695312e-01
4.728484153747558594e-01 5.271515250205993652e-01
4.727693498134613037e-01 5.272306203842163086e-01
4.726506769657135010e-01 5.273492336273193359e-01
4.727514386177062988e-01 5.272485613822937012e-01
4.727685451507568359e-01 5.272314548492431641e-01
4.726250171661376953e-01 5.273749828338623047e-01
4.727638959884643555e-01 5.272361636161804199e-01
4.727005064487457275e-01 5.272995233535766602e-01
4.724692702293395996e-01 5.275307297706604004e-01
4.727082848548889160e-01 5.272917151451110840e-01
4.728126227855682373e-01 5.271874070167541504e-01
4.725980460643768311e-01 5.274019241333007812e-01
4.721172749996185303e-01 5.278827548027038574e-01
4.728527367115020752e-01 5.271472334861755371e-01
4.726463854312896729e-01 5.273535847663879395e-01
4.725742638111114502e-01 5.274257659912109375e-01
4.728306233882904053e-01 5.271693468093872070e-01
4.728387594223022461e-01 5.271613001823425293e-01
4.726063609123229980e-01 5.273936390876770020e-01
4.727254509925842285e-01 5.272746086120605469e-01
4.728226661682128906e-01 5.271773338317871094e-01
4.726861417293548584e-01 5.273138880729675293e-01
4.728802442550659180e-01 5.271196961402893066e-01
4.726745486259460449e-01 5.273254513740539551e-01
4.728817939758300781e-01 5.271181464195251465e-01
4.727047681808471680e-01 5.272952318191528320e-01
4.727211892604827881e-01 5.272787809371948242e-01
4.726199507713317871e-01 5.273801088333129883e-01
4.726352691650390625e-01 5.273647904396057129e-01
4.728566706180572510e-01 5.271433591842651367e-01
4.727301895618438721e-01 5.272697806358337402e-01
4.727258086204528809e-01 5.272741317749023438e-01
4.726386666297912598e-01 5.273613333702087402e-01
4.727727174758911133e-01 5.272272825241088867e-01
4.728530943393707275e-01 5.271469354629516602e-01
4.727423489093780518e-01 5.272577404975891113e-01
4.725756049156188965e-01 5.274243950843811035e-01
4.727891683578491211e-01 5.272108316421508789e-01
4.726288616657257080e-01 5.273710489273071289e-01
4.727041423320770264e-01 5.272958874702453613e-01
4.724501967430114746e-01 5.275498628616333008e-01
4.726872146129608154e-01 5.273127555847167969e-01
4.727081954479217529e-01 5.272918343544006348e-01
4.728634059429168701e-01 5.271365642547607422e-01
4.725569188594818115e-01 5.274431109428405762e-01
4.726777374744415283e-01 5.273222327232360840e-01
4.727636873722076416e-01 5.272362828254699707e-01
4.726580679416656494e-01 5.273419022560119629e-01
4.729046523571014404e-01 5.270953178405761719e-01
4.727383255958557129e-01 5.272616147994995117e-01
4.727286696434020996e-01 5.272713899612426758e-01
4.727397859096527100e-01 5.272601842880249023e-01
4.727444946765899658e-01 5.272555351257324219e-01
4.724751710891723633e-01 5.275248885154724121e-01
4.727408289909362793e-01 5.272592306137084961e-01
4.727891683578491211e-01 5.272108316421508789e-01
4.727350771427154541e-01 5.272649526596069336e-01
4.728035032749176025e-01 5.271964669227600098e-01
4.726335704326629639e-01 5.273663401603698730e-01
4.727043509483337402e-01 5.272956490516662598e-01
4.726041555404663086e-01 5.273957848548889160e-01
4.728067219257354736e-01 5.271932482719421387e-01
4.721395373344421387e-01 5.278604030609130859e-01
4.729081988334655762e-01 5.270918011665344238e-01
4.726718366146087646e-01 5.273281931877136230e-01
4.727018773555755615e-01 5.272980928421020508e-01
4.729116857051849365e-01 5.270883440971374512e-01
4.725789129734039307e-01 5.274210572242736816e-01
4.723180830478668213e-01 5.276818275451660156e-01
4.726822972297668457e-01 5.273177623748779297e-01
4.727633297443389893e-01 5.272366404533386230e-01
4.726763963699340820e-01 5.273236632347106934e-01
4.729441404342651367e-01 5.270559191703796387e-01
4.727438092231750488e-01 5.272561907768249512e-01
4.727350771427154541e-01 5.272649526596069336e-01
4.727031886577606201e-01 5.272968411445617676e-01
4.728570580482482910e-01 5.271428823471069336e-01
4.727027118206024170e-01 5.272973775863647461e-01
4.727306365966796875e-01 5.272693037986755371e-01
4.727444946765899658e-01 5.272555351257324219e-01
4.727653861045837402e-01 5.272346735000610352e-01
4.726646840572357178e-01 5.273352861404418945e-01
4.727977812290191650e-01 5.272021889686584473e-01
4.728279411792755127e-01 5.271720290184020996e-01
4.728300273418426514e-01 5.271698832511901855e-01
4.728279709815979004e-01 5.271720290184020996e-01
4.727059602737426758e-01 5.272940993309020996e-01
4.726871550083160400e-01 5.273128151893615723e-01
4.727127552032470703e-01 5.272872447967529297e-01
4.727643132209777832e-01 5.272356271743774414e-01
4.728398323059082031e-01 5.271601080894470215e-01
4.726491868495941162e-01 5.273508429527282715e-01
4.726615846157073975e-01 5.273384451866149902e-01
4.726606607437133789e-01 5.273393988609313965e-01
4.727229475975036621e-01 5.272770524024963379e-01
4.726231992244720459e-01 5.273768305778503418e-01
4.727938771247863770e-01 5.272061228752136230e-01
4.726653397083282471e-01 5.273346900939941406e-01
4.729000926017761230e-01 5.270999073982238770e-01
4.727256894111633301e-01 5.272743105888366699e-01
4.727154076099395752e-01 5.272845625877380371e-01
4.728217422962188721e-01 5.271782279014587402e-01
4.725373983383178711e-01 5.274626016616821289e-01
4.728296697139739990e-01 5.271703004837036133e-01
4.727302491664886475e-01 5.272697210311889648e-01
4.729204177856445312e-01 5.270795822143554688e-01
4.727147519588470459e-01 5.272852182388305664e-01
4.726352095603942871e-01 5.273647904396057129e-01
4.727518558502197266e-01 5.272480845451354980e-01
4.726702868938446045e-01 5.273296833038330078e-01
4.728036224842071533e-01 5.271963477134704590e-01
4.726646840572357178e-01 5.273353457450866699e-01
4.727973937988281250e-01 5.272026658058166504e-01
4.726199507713317871e-01 5.273801088333129883e-01
4.726914763450622559e-01 5.273085236549377441e-01
4.727256894111633301e-01 5.272743105888366699e-01
4.727061688899993896e-01 5.272938609123229980e-01
4.726775884628295898e-01 5.273224115371704102e-01
4.726440608501434326e-01 5.273559689521789551e-01
4.726310074329376221e-01 5.273689627647399902e-01
4.725667238235473633e-01 5.274332761764526367e-01
4.726645946502685547e-01 5.273353457450866699e-01
4.727365970611572266e-01 5.272634029388427734e-01
4.725884199142456055e-01 5.274115204811096191e-01
4.727429151535034180e-01 5.272570848464965820e-01
4.728562533855438232e-01 5.271437764167785645e-01
4.726173281669616699e-01 5.273826718330383301e-01
4.726025164127349854e-01 5.273975133895874023e-01
4.726653397083282471e-01 5.273346900939941406e-01
4.727679789066314697e-01 5.272320508956909180e-01
4.726514816284179688e-01 5.273485183715820312e-01
4.728897511959075928e-01 5.271102786064147949e-01
4.726548492908477783e-01 5.273450613021850586e-01
4.727576375007629395e-01 5.272423624992370605e-01
4.728093445301055908e-01 5.271906256675720215e-01
4.727849364280700684e-01 5.272150039672851562e-01
4.727760553359985352e-01 5.272240042686462402e-01
4.727137684822082520e-01 5.272862911224365234e-01
4.728012382984161377e-01 5.271987915039062500e-01
4.727192819118499756e-01 5.272808074951171875e-01
4.727624952793121338e-01 5.272375941276550293e-01
4.728227555751800537e-01 5.271772146224975586e-01
4.727965593338012695e-01 5.272034406661987305e-01
4.725789129734039307e-01 5.274210572242736816e-01
4.726594686508178711e-01 5.273405313491821289e-01
4.726992845535278320e-01 5.273007154464721680e-01
4.728116691112518311e-01 5.271883010864257812e-01
4.725868105888366699e-01 5.274132490158081055e-01
4.726459980010986328e-01 5.273539423942565918e-01
4.726524055004119873e-01 5.273476243019104004e-01
4.728759825229644775e-01 5.271240472793579102e-01
4.727891683578491211e-01 5.272108316421508789e-01
4.728098809719085693e-01 5.271902084350585938e-01
4.726238846778869629e-01 5.273761749267578125e-01
4.728837609291076660e-01 5.271161794662475586e-01
4.727910161018371582e-01 5.272089838981628418e-01
4.727021753787994385e-01 5.272977948188781738e-01
4.726681113243103027e-01 5.273318886756896973e-01
4.727822542190551758e-01 5.272177457809448242e-01
4.727056622505187988e-01 5.272943377494812012e-01
4.727552235126495361e-01 5.272448062896728516e-01
4.727227985858917236e-01 5.272772908210754395e-01
4.727351665496826172e-01 5.272648930549621582e-01
4.727890491485595703e-01 5.272109508514404297e-01
4.724936187267303467e-01 5.275062918663024902e-01
4.728110730648040771e-01 5.271890163421630859e-01
4.727890491485595703e-01 5.272109508514404297e-01
4.727225303649902344e-01 5.272774696350097656e-01
4.727343320846557617e-01 5.272656083106994629e-01
4.725039303302764893e-01 5.274960398674011230e-01
4.724486172199249268e-01 5.275513529777526855e-01
4.728283286094665527e-01 5.271716117858886719e-01
4.728039801120758057e-01 5.271959900856018066e-01
4.727106690406799316e-01 5.272893309593200684e-01
4.726207256317138672e-01 5.273792743682861328e-01
4.725859165191650391e-01 5.274140834808349609e-01
4.726769924163818359e-01 5.273229479789733887e-01
4.725562632083892822e-01 5.274437069892883301e-01
4.726237058639526367e-01 5.273762941360473633e-01
4.726173281669616699e-01 5.273826718330383301e-01
4.725471735000610352e-01 5.274528264999389648e-01
4.727745652198791504e-01 5.272254943847656250e-01
4.727765321731567383e-01 5.272234678268432617e-01
4.728963077068328857e-01 5.271036624908447266e-01
4.727480709552764893e-01 5.272519588470458984e-01
4.728406965732574463e-01 5.271593332290649414e-01
4.726974666118621826e-01 5.273025035858154297e-01
4.727405309677124023e-01 5.272594094276428223e-01
4.727354049682617188e-01 5.272645950317382812e-01
4.727748334407806396e-01 5.272251963615417480e-01
4.728134572505950928e-01 5.271865129470825195e-01
4.728083014488220215e-01 5.271916985511779785e-01
4.727306365966796875e-01 5.272693037986755371e-01
4.725997447967529297e-01 5.274002552032470703e-01
4.726862013339996338e-01 5.273138880729675293e-01
4.726016223430633545e-01 5.273983478546142578e-01
4.727609455585479736e-01 5.272390246391296387e-01
4.727720916271209717e-01 5.272279381752014160e-01
4.725346267223358154e-01 5.274654030799865723e-01
4.727323651313781738e-01 5.272675752639770508e-01
4.728026986122131348e-01 5.271973013877868652e-01
4.726911783218383789e-01 5.273087620735168457e-01
4.724602401256561279e-01 5.275397300720214844e-01
4.727619290351867676e-01 5.272380709648132324e-01
4.725077152252197266e-01 5.274922251701354980e-01
4.727127850055694580e-01 5.272873044013977051e-01
4.727509319782257080e-01 5.272490978240966797e-01
4.726459980010986328e-01 5.273539423942565918e-01
4.725503325462341309e-01 5.274496078491210938e-01
4.727217853069305420e-01 5.272782444953918457e-01
4.727398157119750977e-01 5.272602438926696777e-01
4.726518094539642334e-01 5.273482203483581543e-01
4.726504087448120117e-01 5.273496508598327637e-01
4.727891683578491211e-01 5.272108316421508789e-01
4.728428125381469727e-01 5.271571874618530273e-01
4.726482331752777100e-01 5.273517966270446777e-01
4.727596044540405273e-01 5.272403955459594727e-01
4.726397097110748291e-01 5.273602604866027832e-01
4.727244377136230469e-01 5.272755622863769531e-01
4.727302491664886475e-01 5.272697210311889648e-01
4.727831184864044189e-01 5.272167921066284180e-01
4.728083014488220215e-01 5.271916985511779785e-01
4.726181328296661377e-01 5.273818373680114746e-01
4.724355638027191162e-01 5.275644659996032715e-01
4.727437794208526611e-01 5.272561907768249512e-01
4.728049635887145996e-01 5.271950364112854004e-01
4.726622402667999268e-01 5.273377299308776855e-01
4.727149903774261475e-01 5.272850394248962402e-01
4.726860523223876953e-01 5.273139476776123047e-01
4.726116955280303955e-01 5.273882746696472168e-01
4.728272259235382080e-01 5.271728038787841797e-01
4.728003442287445068e-01 5.271996855735778809e-01
4.726392328739166260e-01 5.273607969284057617e-01
4.727079272270202637e-01 5.272920727729797363e-01
4.727232754230499268e-01 5.272767543792724609e-01
4.726897776126861572e-01 5.273101925849914551e-01
4.727393388748168945e-01 5.272606611251831055e-01
4.730385541915893555e-01 5.269614458084106445e-01
4.727127552032470703e-01 5.272873044013977051e-01
4.727028310298919678e-01 5.272971391677856445e-01
4.726944267749786377e-01 5.273055434226989746e-01
4.728208184242248535e-01 5.271791815757751465e-01
4.727281033992767334e-01 5.272718071937561035e-01
4.727126955986022949e-01 5.272873640060424805e-01
4.728082418441772461e-01 5.271917581558227539e-01
4.728859961032867432e-01 5.271140336990356445e-01
4.727981090545654297e-01 5.272018909454345703e-01
4.727078676223754883e-01 5.272921323776245117e-01
4.726783037185668945e-01 5.273216962814331055e-01
4.728186428546905518e-01 5.271813273429870605e-01
4.727320373058319092e-01 5.272679924964904785e-01
4.726173281669616699e-01 5.273826718330383301e-01
4.727014303207397461e-01 5.272986292839050293e-01
4.726631045341491699e-01 5.273368954658508301e-01
4.726616442203521729e-01 5.273383855819702148e-01
4.724816083908081055e-01 5.275183320045471191e-01
4.727634489536285400e-01 5.272365212440490723e-01
4.729008972644805908e-01 5.270990729331970215e-01
4.725911021232604980e-01 5.274089574813842773e-01
4.727423489093780518e-01 5.272577404975891113e-01
4.727571010589599609e-01 5.272428393363952637e-01
4.728284180164337158e-01 5.271715521812438965e-01
4.726847708225250244e-01 5.273151993751525879e-01
4.726792871952056885e-01 5.273206830024719238e-01
4.727163314819335938e-01 5.272836089134216309e-01
4.726884663105010986e-01 5.273115634918212891e-01
4.726566970348358154e-01 5.273432731628417969e-01
4.728155434131622314e-01 5.271844863891601562e-01
4.727239012718200684e-01 5.272761583328247070e-01
4.727430343627929688e-01 5.272569656372070312e-01
4.725787341594696045e-01 5.274212956428527832e-01
4.727566540241241455e-01 5.272433757781982422e-01
4.728246331214904785e-01 5.271754264831542969e-01
4.726589322090148926e-01 5.273411273956298828e-01
4.726858735084533691e-01 5.273141264915466309e-01
4.726348817348480225e-01 5.273650884628295898e-01
4.726872146129608154e-01 5.273127555847167969e-01
4.727420210838317871e-01 5.272579789161682129e-01
4.728674888610839844e-01 5.271324515342712402e-01
4.726143777370452881e-01 5.273856520652770996e-01
4.727509319782257080e-01 5.272490382194519043e-01
4.726764857769012451e-01 5.273234844207763672e-01
4.727507531642913818e-01 5.272492170333862305e-01
4.722003042697906494e-01 5.277996659278869629e-01
4.724959731101989746e-01 5.275039672851562500e-01
4.728164076805114746e-01 5.271835923194885254e-01
4.727132022380828857e-01 5.272868275642395020e-01
4.726173877716064453e-01 5.273826122283935547e-01
4.725859165191650391e-01 5.274140834808349609e-01
4.727930128574371338e-01 5.272070169448852539e-01
4.727579951286315918e-01 5.272420048713684082e-01
4.725679755210876465e-01 5.274319648742675781e-01
4.729093611240386963e-01 5.270906686782836914e-01
4.728880822658538818e-01 5.271119475364685059e-01
4.727359712123870850e-01 5.272639989852905273e-01
4.726939201354980469e-01 5.273060798645019531e-01
4.727392792701721191e-01 5.272607803344726562e-01
4.727694988250732422e-01 5.272305011749267578e-01
4.726420342922210693e-01 5.273579955101013184e-01
4.724515378475189209e-01 5.275484919548034668e-01
4.727251231670379639e-01 5.272747874259948730e-01
4.727521240711212158e-01 5.272479057312011719e-01
4.728107750415802002e-01 5.271892547607421875e-01
4.726341664791107178e-01 5.273657441139221191e-01
4.726608693599700928e-01 5.273391604423522949e-01
4.726231992244720459e-01 5.273768305778503418e-01
4.727478921413421631e-01 5.272521376609802246e-01
4.726897776126861572e-01 5.273101925849914551e-01
4.726713597774505615e-01 5.273285508155822754e-01
4.727064669132232666e-01 5.272935032844543457e-01
4.726744890213012695e-01 5.273254513740539551e-01
4.722963273525238037e-01 5.277036428451538086e-01
4.727109670639038086e-01 5.272889733314514160e-01
4.727696478366851807e-01 5.272303819656372070e-01
4.728300273418426514e-01 5.271698832511901855e-01
4.727930724620819092e-01 5.272069573402404785e-01
4.729032516479492188e-01 5.270966887474060059e-01
4.725859165191650391e-01 5.274140834808349609e-01
4.725512862205505371e-01 5.274486541748046875e-01
4.727776348590850830e-01 5.272223949432373047e-01
4.728186428546905518e-01 5.271813273429870605e-01
4.727828800678253174e-01 5.272170901298522949e-01
4.726518094539642334e-01 5.273482203483581543e-01
4.727208018302917480e-01 5.272791981697082520e-01
4.726871848106384277e-01 5.273128747940063477e-01
4.726550877094268799e-01 5.273449420928955078e-01
4.725346267223358154e-01 5.274654030799865723e-01
4.725709855556488037e-01 5.274290442466735840e-01
4.726860523223876953e-01 5.273139476776123047e-01
4.727417230606079102e-01 5.272582173347473145e-01
4.727244377136230469e-01 5.272755622863769531e-01
4.726206958293914795e-01 5.273793935775756836e-01
4.726999104022979736e-01 5.273001194000244141e-01
4.726573824882507324e-01 5.273425579071044922e-01
4.727381169795989990e-01 5.272617936134338379e-01
4.726985991001129150e-01 5.273013710975646973e-01
4.726685583591461182e-01 5.273314714431762695e-01
4.726848006248474121e-01 5.273151993751525879e-01
4.726641774177551270e-01 5.273358821868896484e-01
4.727417528629302979e-01 5.272583365440368652e-01
4.728543162345886230e-01 5.271456837654113770e-01
4.727851450443267822e-01 5.272148847579956055e-01
4.726936519145965576e-01 5.273063182830810547e-01
4.728137254714965820e-01 5.271862745285034180e-01
4.725804030895233154e-01 5.274195671081542969e-01
4.725264906883239746e-01 5.274735093116760254e-01
4.727085828781127930e-01 5.272913575172424316e-01
4.726099073886871338e-01 5.273900628089904785e-01
4.725337326526641846e-01 5.274662375450134277e-01
4.725680649280548096e-01 5.274319052696228027e-01
4.727851450443267822e-01 5.272148847579956055e-01
4.726940095424652100e-01 5.273060202598571777e-01
4.727905988693237305e-01 5.272094607353210449e-01
4.729822576045989990e-01 5.270177721977233887e-01
4.727962911128997803e-01 5.272036790847778320e-01
4.727700054645538330e-01 5.272299647331237793e-01
4.726417660713195801e-01 5.273582339286804199e-01
4.720475673675537109e-01 5.279524326324462891e-01
4.728356301784515381e-01 5.271643400192260742e-01
4.727173149585723877e-01 5.272827148437500000e-01
4.727431237697601318e-01 5.272569060325622559e-01
4.726592898368835449e-01 5.273407697677612305e-01
4.725787043571472168e-01 5.274212956428527832e-01
4.726759791374206543e-01 5.273240804672241211e-01
4.727215766906738281e-01 5.272784233093261719e-01
4.728775620460510254e-01 5.271223783493041992e-01
4.727399349212646484e-01 5.272600054740905762e-01
4.724675118923187256e-01 5.275325179100036621e-01
4.727907478809356689e-01 5.272092223167419434e-01
4.727161824703216553e-01 5.272838473320007324e-01
4.726858735084533691e-01 5.273141264915466309e-01
4.728072583675384521e-01 5.271927118301391602e-01
4.728084504604339600e-01 5.271915197372436523e-01
4.726392328739166260e-01 5.273607969284057617e-01
4.727652370929718018e-01 5.272347331047058105e-01
4.727074205875396729e-01 5.272925496101379395e-01
4.727839231491088867e-01 5.272160768508911133e-01
4.728086888790130615e-01 5.271912813186645508e-01
4.726673662662506104e-01 5.273326039314270020e-01
4.727349281311035156e-01 5.272650122642517090e-01
4.727091193199157715e-01 5.272909402847290039e-01
4.726506769657135010e-01 5.273492336273193359e-01
4.725928604602813721e-01 5.274071693420410156e-01
4.726479947566986084e-01 5.273519754409790039e-01
4.725373983383178711e-01 5.274626016616821289e-01
4.729197919368743896e-01 5.270801782608032227e-01
4.726415872573852539e-01 5.273583531379699707e-01
4.727225303649902344e-01 5.272774696350097656e-01
4.727878272533416748e-01 5.272122025489807129e-01
4.726457893848419189e-01 5.273542404174804688e-01
4.728112518787384033e-01 5.271887779235839844e-01
4.727133214473724365e-01 5.272867083549499512e-01
4.727105796337127686e-01 5.272893905639648438e-01
4.727666079998016357e-01 5.272334814071655273e-01
4.727068543434143066e-01 5.272931456565856934e-01
4.727050662040710449e-01 5.272949337959289551e-01
4.726865589618682861e-01 5.273134112358093262e-01
4.726621210575103760e-01 5.273379087448120117e-01
4.726971089839935303e-01 5.273029208183288574e-01
4.727907478809356689e-01 5.272092223167419434e-01
4.728389382362365723e-01 5.271611213684082031e-01
4.728306233882904053e-01 5.271694660186767578e-01
4.727322459220886230e-01 5.272676944732666016e-01
4.728032648563385010e-01 5.271967649459838867e-01
4.727437794208526611e-01 5.272561907768249512e-01
4.726820886135101318e-01 5.273178815841674805e-01
4.728582501411437988e-01 5.271418094635009766e-01
4.726592600345611572e-01 5.273407697677612305e-01
4.728172719478607178e-01 5.271826982498168945e-01
4.726504087448120117e-01 5.273496508598327637e-01
4.724914431571960449e-01 5.275085568428039551e-01
4.727571010589599609e-01 5.272428393363952637e-01
4.725940227508544922e-01 5.274059772491455078e-01
4.727064967155456543e-01 5.272935032844543457e-01
4.726772904396057129e-01 5.273227691650390625e-01
4.727250039577484131e-01 5.272750258445739746e-01
4.726495444774627686e-01 5.273503661155700684e-01
4.728668332099914551e-01 5.271331667900085449e-01
4.726713895797729492e-01 5.273285508155822754e-01
4.728668332099914551e-01 5.271331667900085449e-01
4.727169871330261230e-01 5.272829532623291016e-01
4.726820588111877441e-01 5.273179411888122559e-01
4.727965593338012695e-01 5.272034406661987305e-01
4.726872146129608154e-01 5.273127555847167969e-01
4.728200733661651611e-01 5.271799564361572266e-01
4.721188247203826904e-01 5.278812050819396973e-01
4.725901186466217041e-01 5.274098515510559082e-01
4.728210866451263428e-01 5.271788239479064941e-01
4.726682007312774658e-01 5.273318290710449219e-01
4.727132022380828857e-01 5.272867679595947266e-01
4.727162122726440430e-01 5.272838473320007324e-01
4.727194905281066895e-01 5.272805094718933105e-01
4.725523591041564941e-01 5.274475812911987305e-01
4.721188247203826904e-01 5.278812050819396973e-01
4.725816547870635986e-01 5.274183750152587891e-01
4.726817905902862549e-01 5.273181796073913574e-01
4.726915061473846436e-01 5.273085832595825195e-01
4.725637733936309814e-01 5.274362564086914062e-01
4.729032516479492188e-01 5.270966887474060059e-01
4.727720916271209717e-01 5.272279381752014160e-01
4.727275371551513672e-01 5.272724032402038574e-01
4.726745486259460449e-01 5.273254513740539551e-01
4.727700650691986084e-01 5.272299647331237793e-01
4.727432131767272949e-01 5.272567272186279297e-01
4.728352725505828857e-01 5.271647572517395020e-01
4.726300835609436035e-01 5.273699760437011719e-01
4.728316962718963623e-01 5.271683335304260254e-01
4.726383388042449951e-01 5.273616909980773926e-01
4.728596806526184082e-01 5.271403789520263672e-01
4.727689623832702637e-01 5.272309780120849609e-01
4.726832211017608643e-01 5.273167490959167480e-01
4.726960361003875732e-01 5.273039937019348145e-01
4.724841713905334473e-01 5.275158286094665527e-01
4.728880822658538818e-01 5.271119475364685059e-01
4.727264642715454102e-01 5.272734761238098145e-01
4.726689755916595459e-01 5.273309350013732910e-01
4.726348817348480225e-01 5.273650884628295898e-01
4.727252721786499023e-01 5.272746682167053223e-01
4.727116525173187256e-01 5.272883176803588867e-01
4.727863073348999023e-01 5.272136926651000977e-01
4.727900326251983643e-01 5.272099971771240234e-01
4.724486172199249268e-01 5.275513529777526855e-01
4.726999700069427490e-01 5.273000597953796387e-01
4.727369844913482666e-01 5.272629261016845703e-01
4.726510047912597656e-01 5.273489356040954590e-01
4.727127850055694580e-01 5.272873044013977051e-01
4.727068245410919189e-01 5.272930860519409180e-01
4.727982878684997559e-01 5.272016525268554688e-01
4.728160798549652100e-01 5.271839499473571777e-01
4.726506471633911133e-01 5.273493528366088867e-01
4.726831316947937012e-01 5.273169279098510742e-01
4.726207256317138672e-01 5.273792743682861328e-01
4.727910161018371582e-01 5.272089838981628418e-01
4.726731777191162109e-01 5.273268818855285645e-01
4.724900126457214355e-01 5.275100469589233398e-01
4.727394580841064453e-01 5.272604823112487793e-01
4.726940989494323730e-01 5.273059010505676270e-01
4.726824462413787842e-01 5.273175239562988281e-01
4.726683199405670166e-01 5.273316502571105957e-01
4.726932942867279053e-01 5.273066759109497070e-01
4.727420210838317871e-01 5.272579789161682129e-01
4.728552997112274170e-01 5.271447300910949707e-01
4.728817939758300781e-01 5.271181464195251465e-01
4.727665185928344727e-01 5.272335410118103027e-01
4.724452495574951172e-01 5.275547504425048828e-01
4.727470278739929199e-01 5.272530317306518555e-01
4.725987911224365234e-01 5.274012088775634766e-01
4.728065729141235352e-01 5.271934866905212402e-01
4.728805720806121826e-01 5.271195173263549805e-01
4.725901186466217041e-01 5.274098515510559082e-01
4.727807044982910156e-01 5.272193551063537598e-01
4.726617634296417236e-01 5.273382663726806641e-01
4.725942015647888184e-01 5.274057388305664062e-01
4.725675582885742188e-01 5.274325013160705566e-01
4.727685451507568359e-01 5.272314548492431641e-01
4.725682139396667480e-01 5.274318456649780273e-01
4.727512598037719727e-01 5.272486805915832520e-01
4.726966321468353271e-01 5.273033380508422852e-01
4.727737009525299072e-01 5.272262692451477051e-01
4.728446602821350098e-01 5.271553397178649902e-01
4.725466668605804443e-01 5.274533033370971680e-01
4.724453985691070557e-01 5.275546312332153320e-01
4.726380705833435059e-01 5.273619890213012695e-01
4.729032516479492188e-01 5.270966887474060059e-01
4.726616442203521729e-01 5.273383855819702148e-01
4.726682007312774658e-01 5.273318290710449219e-01
4.727051854133605957e-01 5.272947549819946289e-01
4.726866483688354492e-01 5.273134112358093262e-01
4.727746546268463135e-01 5.272253155708312988e-01
4.728466868400573730e-01 5.271533131599426270e-01
4.729388952255249023e-01 5.270610451698303223e-01
4.727670252323150635e-01 5.272329449653625488e-01
4.726725518703460693e-01 5.273273587226867676e-01
4.728147387504577637e-01 5.271852612495422363e-01
4.726333916187286377e-01 5.273666381835937500e-01
4.727902114391326904e-01 5.272098183631896973e-01
4.728202819824218750e-01 5.271797180175781250e-01
4.726546704769134521e-01 5.273452997207641602e-01
4.727492332458496094e-01 5.272507667541503906e-01
4.725438356399536133e-01 5.274561047554016113e-01
4.724660217761993408e-01 5.275340080261230469e-01
4.727155566215515137e-01 5.272845029830932617e-01
4.727177619934082031e-01 5.272821784019470215e-01
4.726505577564239502e-01 5.273494124412536621e-01
4.727890491485595703e-01 5.272109508514404297e-01
4.729303717613220215e-01 5.270696282386779785e-01
4.728939831256866455e-01 5.271059870719909668e-01
4.726616442203521729e-01 5.273383855819702148e-01
4.727535247802734375e-01 5.272464752197265625e-01
4.726871848106384277e-01 5.273128747940063477e-01
4.727445244789123535e-01 5.272555351257324219e-01
4.727853536605834961e-01 5.272146463394165039e-01
4.727424383163452148e-01 5.272575020790100098e-01
4.728132188320159912e-01 5.271867513656616211e-01
4.726504087448120117e-01 5.273496508598327637e-01
4.727638959884643555e-01 5.272361636161804199e-01
4.728032648563385010e-01 5.271967649459838867e-01
4.727745652198791504e-01 5.272254943847656250e-01
4.726988673210144043e-01 5.273011326789855957e-01
4.725569188594818115e-01 5.274431109428405762e-01
4.727717936038970947e-01 5.272281765937805176e-01
4.725663661956787109e-01 5.274336934089660645e-01
4.727227687835693359e-01 5.272771716117858887e-01
4.728420674800872803e-01 5.271579623222351074e-01
4.726233780384063721e-01 5.273765921592712402e-01
4.727807939052581787e-01 5.272192358970642090e-01
4.728530943393707275e-01 5.271469354629516602e-01
4.728017747402191162e-01 5.271981954574584961e-01
4.727223217487335205e-01 5.272776484489440918e-01
4.727629721164703369e-01 5.272369384765625000e-01
4.727025628089904785e-01 5.272974967956542969e-01
4.726875126361846924e-01 5.273124575614929199e-01
4.726775586605072021e-01 5.273224115371704102e-01
4.727306067943572998e-01 5.272694230079650879e-01
4.727846086025238037e-01 5.272153615951538086e-01
4.727046787738800049e-01 5.272953510284423828e-01
4.727431833744049072e-01 5.272568464279174805e-01
4.727803766727447510e-01 5.272196531295776367e-01
4.727236330509185791e-01 5.272763967514038086e-01
4.727481901645660400e-01 5.272517204284667969e-01
4.729822576045989990e-01 5.270177721977233887e-01
4.724685549736022949e-01 5.275313854217529297e-01
4.729099869728088379e-01 5.270900726318359375e-01
4.725964367389678955e-01 5.274035930633544922e-01
4.727081954479217529e-01 5.272918343544006348e-01
4.727679491043090820e-01 5.272320508956909180e-01
4.727252721786499023e-01 5.272746682167053223e-01
4.728070795536041260e-01 5.271928906440734863e-01
4.727438092231750488e-01 5.272561907768249512e-01
4.726558029651641846e-01 5.273441672325134277e-01
4.727484583854675293e-01 5.272515416145324707e-01
4.727438986301422119e-01 5.272561311721801758e-01
4.727210700511932373e-01 5.272790193557739258e-01
4.726999700069427490e-01 5.273000597953796387e-01
4.727420210838317871e-01 5.272579789161682129e-01
4.727382063865661621e-01 5.272617936134338379e-01
4.726845920085906982e-01 5.273153781890869141e-01
4.727313220500946045e-01 5.272686481475830078e-01
4.728211462497711182e-01 5.271788239479064941e-01
4.725658297538757324e-01 5.274342298507690430e-01
4.721651375293731689e-01 5.278348326683044434e-01
4.727427959442138672e-01 5.272572040557861328e-01
4.726253747940063477e-01 5.273746848106384277e-01
4.726397097110748291e-01 5.273602604866027832e-01
4.727617204189300537e-01 5.272383093833923340e-01
4.724593162536621094e-01 5.275406837463378906e-01
4.727938175201416016e-01 5.272061228752136230e-01
4.726603925228118896e-01 5.273396372795104980e-01
4.730294942855834961e-01 5.269705057144165039e-01
4.728246331214904785e-01 5.271754264831542969e-01
4.726947844028472900e-01 5.273052453994750977e-01
4.726891517639160156e-01 5.273108482360839844e-01
4.727016091346740723e-01 5.272983908653259277e-01
4.726729989051818848e-01 5.273270606994628906e-01
4.725915789604187012e-01 5.274084210395812988e-01
4.727019369602203369e-01 5.272980928421020508e-01
4.729822576045989990e-01 5.270177721977233887e-01
4.727907478809356689e-01 5.272092223167419434e-01
4.726296365261077881e-01 5.273703336715698242e-01
4.727669954299926758e-01 5.272330045700073242e-01
4.727130532264709473e-01 5.272870063781738281e-01
4.726940095424652100e-01 5.273059606552124023e-01
4.729258418083190918e-01 5.270741581916809082e-01
4.725361168384552002e-01 5.274638533592224121e-01
4.727917015552520752e-01 5.272083282470703125e-01
4.727585911750793457e-01 5.272414088249206543e-01
4.727043509483337402e-01 5.272957086563110352e-01
4.727483093738555908e-01 5.272516608238220215e-01
4.726930856704711914e-01 5.273069143295288086e-01
4.727074205875396729e-01 5.272924900054931641e-01
4.728475511074066162e-01 5.271524786949157715e-01
4.727253615856170654e-01 5.272746086120605469e-01
4.728847444057464600e-01 5.271152257919311523e-01
4.728180468082427979e-01 5.271819829940795898e-01
4.727570712566375732e-01 5.272429585456848145e-01
4.728264510631561279e-01 5.271735787391662598e-01
4.727406501770019531e-01 5.272593498229980469e-01
4.727127850055694580e-01 5.272873044013977051e-01
4.726591408252716064e-01 5.273408889770507812e-01
4.728530943393707275e-01 5.271469354629516602e-01
4.726645946502685547e-01 5.273354053497314453e-01
4.726620912551879883e-01 5.273379087448120117e-01
4.727982580661773682e-01 5.272017717361450195e-01
4.725695848464965820e-01 5.274303555488586426e-01
4.727236628532409668e-01 5.272763967514038086e-01
4.726651608943939209e-01 5.273348689079284668e-01
4.727019965648651123e-01 5.272979736328125000e-01
4.728008508682250977e-01 5.271991491317749023e-01
4.725742638111114502e-01 5.274257659912109375e-01
4.723180830478668213e-01 5.276818275451660156e-01
4.727257788181304932e-01 5.272741913795471191e-01
4.726812839508056641e-01 5.273187160491943359e-01
4.728781580924987793e-01 5.271218419075012207e-01
4.725373983383178711e-01 5.274626016616821289e-01
4.727368354797363281e-01 5.272631645202636719e-01
4.725354313850402832e-01 5.274645090103149414e-01
4.727146029472351074e-01 5.272853374481201172e-01
4.726999700069427490e-01 5.273000597953796387e-01
4.727290570735931396e-01 5.272709131240844727e-01
4.727481901645660400e-01 5.272517204284667969e-01
4.727162718772888184e-01 5.272836685180664062e-01
4.728134572505950928e-01 5.271865129470825195e-01
4.727244377136230469e-01 5.272755622863769531e-01
4.729839265346527100e-01 5.270161032676696777e-01
4.728831648826599121e-01 5.271167755126953125e-01
4.727184176445007324e-01 5.272815823554992676e-01
4.728025496006011963e-01 5.271974802017211914e-01
4.726947844028472900e-01 5.273051857948303223e-01
4.727853834629058838e-01 5.272145867347717285e-01
4.726589620113372803e-01 5.273409485816955566e-01
4.726150333881378174e-01 5.273849964141845703e-01
4.727578461170196533e-01 5.272421836853027344e-01
4.726177752017974854e-01 5.273821949958801270e-01
4.726738929748535156e-01 5.273261070251464844e-01
4.727300703525543213e-01 5.272699594497680664e-01
4.729031026363372803e-01 5.270968079566955566e-01
4.725672602653503418e-01 5.274327397346496582e-01
4.726067185401916504e-01 5.273932814598083496e-01
4.721629321575164795e-01 5.278370976448059082e-01
4.729805290699005127e-01 5.270195007324218750e-01
4.728296995162963867e-01 5.271703004837036133e-01
4.724515378475189209e-01 5.275484919548034668e-01
4.727410674095153809e-01 5.272589921951293945e-01
4.725901186466217041e-01 5.274098515510559082e-01
4.727973639965057373e-01 5.272026658058166504e-01
4.727820456027984619e-01 5.272180438041687012e-01
4.726366996765136719e-01 5.273632407188415527e-01
4.727742075920104980e-01 5.272258520126342773e-01
4.729187786579132080e-01 5.270811915397644043e-01
4.727579951286315918e-01 5.272420644760131836e-01
4.727685451507568359e-01 5.272314548492431641e-01
4.727892577648162842e-01 5.272107720375061035e-01
4.726898372173309326e-01 5.273101925849914551e-01
4.726884663105010986e-01 5.273115634918212891e-01
4.727961122989654541e-01 5.272039175033569336e-01
4.726997613906860352e-01 5.273002982139587402e-01
4.727292954921722412e-01 5.272707939147949219e-01
4.726615846157073975e-01 5.273384451866149902e-01
4.727631807327270508e-01 5.272367596626281738e-01
4.726843833923339844e-01 5.273155570030212402e-01
4.727969765663146973e-01 5.272030234336853027e-01
4.728386700153350830e-01 5.271613001823425293e-01
4.727255403995513916e-01 5.272744894027709961e-01
4.726352691650390625e-01 5.273647904396057129e-01
4.727445840835571289e-01 5.272554159164428711e-01
4.727901816368103027e-01 5.272098183631896973e-01
4.725884199142456055e-01 5.274115204811096191e-01
4.726635813713073730e-01 5.273364186286926270e-01
4.726860225200653076e-01 5.273140072822570801e-01
4.726472496986389160e-01 5.273526906967163086e-01
4.727612435817718506e-01 5.272386670112609863e-01
4.728211760520935059e-01 5.271787643432617188e-01
4.727097153663635254e-01 5.272902846336364746e-01
4.725789129734039307e-01 5.274210572242736816e-01
4.726849794387817383e-01 5.273150801658630371e-01
4.727635979652404785e-01 5.272364616394042969e-01
4.727379977703094482e-01 5.272620320320129395e-01
4.726999700069427490e-01 5.273000597953796387e-01
4.727076888084411621e-01 5.272922515869140625e-01
4.727126955986022949e-01 5.272873640060424805e-01
4.726266562938690186e-01 5.273733735084533691e-01
4.725636541843414307e-01 5.274363756179809570e-01
4.726592898368835449e-01 5.273407697677612305e-01
4.728037714958190918e-01 5.271962285041809082e-01
4.727303385734558105e-01 5.272696614265441895e-01
4.727673828601837158e-01 5.272326469421386719e-01
4.726622402667999268e-01 5.273377895355224609e-01
4.726975262165069580e-01 5.273025035858154297e-01
4.726773500442504883e-01 5.273225903511047363e-01
4.728017747402191162e-01 5.271981954574584961e-01
4.727371335029602051e-01 5.272628068923950195e-01
4.728044867515563965e-01 5.271954536437988281e-01
4.727748632431030273e-01 5.272251963615417480e-01
4.726454019546508789e-01 5.273545980453491211e-01
4.724554121494293213e-01 5.275446176528930664e-01
4.726864993572235107e-01 5.273134708404541016e-01
4.726559817790985107e-01 5.273440480232238770e-01
4.727300107479095459e-01 5.272699594497680664e-01
4.725921750068664551e-01 5.274078249931335449e-01
4.727822542190551758e-01 5.272177457809448242e-01
4.727680683135986328e-01 5.272319316864013672e-01
4.726322293281555176e-01 5.273677706718444824e-01
4.728488028049468994e-01 5.271511673927307129e-01
4.728463590145111084e-01 5.271536111831665039e-01
4.727230668067932129e-01 5.272768735885620117e-01
4.727601110935211182e-01 5.272398591041564941e-01
4.724959731101989746e-01 5.275039672851562500e-01
4.727132916450500488e-01 5.272867083549499512e-01
4.728134572505950928e-01 5.271865129470825195e-01
4.727122485637664795e-01 5.272877216339111328e-01
4.727122783660888672e-01 5.272876620292663574e-01
4.727368354797363281e-01 5.272631645202636719e-01
4.728441238403320312e-01 5.271558761596679688e-01
4.726009368896484375e-01 5.273991227149963379e-01
4.725728631019592285e-01 5.274271368980407715e-01
4.726927280426025391e-01 5.273072719573974609e-01
4.726409614086151123e-01 5.273590087890625000e-01
4.727817177772521973e-01 5.272183418273925781e-01
4.727659821510314941e-01 5.272340178489685059e-01
4.726146459579467773e-01 5.273854136466979980e-01
4.727765321731567383e-01 5.272234678268432617e-01
4.727375805377960205e-01 5.272623300552368164e-01
4.727126955986022949e-01 5.272873640060424805e-01
4.725796878337860107e-01 5.274203419685363770e-01
4.727460443973541260e-01 5.272539258003234863e-01
4.725859165191650391e-01 5.274140834808349609e-01
4.726840257644653320e-01 5.273159742355346680e-01
4.726169407367706299e-01 5.273830294609069824e-01
4.726380407810211182e-01 5.273619294166564941e-01
4.728013873100280762e-01 5.271986126899719238e-01
4.727447330951690674e-01 5.272553563117980957e-01
4.724501371383666992e-01 5.275499224662780762e-01
4.726412892341613770e-01 5.273587107658386230e-01
4.728392958641052246e-01 5.271607041358947754e-01
4.726968705654144287e-01 5.273030996322631836e-01
4.727361202239990234e-01 5.272638797760009766e-01
4.726395010948181152e-01 5.273604989051818848e-01
4.727302193641662598e-01 5.272697806358337402e-01
4.726206958293914795e-01 5.273793935775756836e-01
4.726896882057189941e-01 5.273103713989257812e-01
4.728847444057464600e-01 5.271152257919311523e-01
4.728370010852813721e-01 5.271630287170410156e-01
4.727103710174560547e-01 5.272895693778991699e-01
4.728278219699859619e-01 5.271722078323364258e-01
4.725438952445983887e-01 5.274561047554016113e-01
4.727299213409423828e-01 5.272700786590576172e-01
4.726930856704711914e-01 5.273069143295288086e-01
4.726730585098266602e-01 5.273269414901733398e-01
4.726953506469726562e-01 5.273046493530273438e-01
4.728265702724456787e-01 5.271733999252319336e-01
4.725720882415771484e-01 5.274279713630676270e-01
4.728255569934844971e-01 5.271744728088378906e-01
4.726874828338623047e-01 5.273124575614929199e-01
4.727100729942321777e-01 5.272899270057678223e-01
4.727014303207397461e-01 5.272986292839050293e-01
4.728757441043853760e-01 5.271242856979370117e-01
4.728256762027740479e-01 5.271742939949035645e-01
4.725742638111114502e-01 5.274257659912109375e-01
4.727526009082794189e-01 5.272473692893981934e-01
4.726348817348480225e-01 5.273650884628295898e-01
4.728339016437530518e-01 5.271660685539245605e-01
4.727662503719329834e-01 5.272337198257446289e-01
4.727078974246978760e-01 5.272921323776245117e-01
4.726299047470092773e-01 5.273700952529907227e-01
4.728343486785888672e-01 5.271655917167663574e-01
4.724604189395904541e-01 5.275395512580871582e-01
4.726116955280303955e-01 5.273882746696472168e-01
4.726946949958801270e-01 5.273053050041198730e-01
4.727383255958557129e-01 5.272616147994995117e-01
4.727329313755035400e-01 5.272670388221740723e-01
4.726408421993255615e-01 5.273591279983520508e-01
4.727846086025238037e-01 5.272153615951538086e-01
4.727365672588348389e-01 5.272634029388427734e-01
4.726558029651641846e-01 5.273441672325134277e-01
4.726544916629791260e-01 5.273454785346984863e-01
4.725711047649383545e-01 5.274289250373840332e-01
4.726610481739044189e-01 5.273389220237731934e-01
4.727065861225128174e-01 5.272933840751647949e-01
4.729008972644805908e-01 5.270990729331970215e-01
4.728499948978424072e-01 5.271499752998352051e-01
4.727569520473480225e-01 5.272430777549743652e-01
4.725812375545501709e-01 5.274187326431274414e-01
4.732124209403991699e-01 5.267875194549560547e-01
4.726229012012481689e-01 5.273771286010742188e-01
4.727569818496704102e-01 5.272430181503295898e-01
4.727434217929840088e-01 5.272566080093383789e-01
4.727257788181304932e-01 5.272741913795471191e-01
4.726904928684234619e-01 5.273095369338989258e-01
4.727864861488342285e-01 5.272135138511657715e-01
4.728129804134368896e-01 5.271870493888854980e-01
4.724545180797576904e-01 5.275454521179199219e-01
4.726459085941314697e-01 5.273541212081909180e-01
4.728327095508575439e-01 5.271672606468200684e-01
4.727469980716705322e-01 5.272530317306518555e-01
4.727489054203033447e-01 5.272510647773742676e-01
4.726807475090026855e-01 5.273193120956420898e-01
4.727496802806854248e-01 5.272503495216369629e-01
4.727370738983154297e-01 5.272629261016845703e-01
4.727166593074798584e-01 5.272833704948425293e-01
4.726772904396057129e-01 5.273227691650390625e-01
4.726259708404541016e-01 5.273740887641906738e-01
4.727130532264709473e-01 5.272870063781738281e-01
4.726514816284179688e-01 5.273485183715820312e-01
4.727303981781005859e-01 5.272696018218994141e-01
4.727636873722076416e-01 5.272362828254699707e-01
4.728542268276214600e-01 5.271457433700561523e-01
4.727021753787994385e-01 5.272977948188781738e-01
4.725908041000366211e-01 5.274091958999633789e-01
4.727467596530914307e-01 5.272532701492309570e-01
4.727081358432769775e-01 5.272918343544006348e-01
4.726559817790985107e-01 5.273440480232238770e-01
4.727796912193298340e-01 5.272202491760253906e-01
4.725583493709564209e-01 5.274416208267211914e-01
4.727130532264709473e-01 5.272870063781738281e-01
4.727290868759155273e-01 5.272709131240844727e-01
4.726153910160064697e-01 5.273846983909606934e-01
4.727009236812591553e-01 5.272991657257080078e-01
4.727327227592468262e-01 5.272672772407531738e-01
4.726133644580841064e-01 5.273866653442382812e-01
4.727116525173187256e-01 5.272883176803588867e-01
4.726997911930084229e-01 5.273001790046691895e-01
4.727912247180938721e-01 5.272088050842285156e-01
4.727174341678619385e-01 5.272825956344604492e-01
4.727953076362609863e-01 5.272046327590942383e-01
4.727034568786621094e-01 5.272965431213378906e-01
4.723688364028930664e-01 5.276311635971069336e-01
4.727847278118133545e-01 5.272152423858642578e-01
4.727636873722076416e-01 5.272362828254699707e-01
4.728247523307800293e-01 5.271752476692199707e-01
4.725238382816314697e-01 5.274761915206909180e-01
4.727447032928466797e-01 5.272553563117980957e-01
4.727302193641662598e-01 5.272697806358337402e-01
4.726429581642150879e-01 5.273570418357849121e-01
4.727091789245605469e-01 5.272908806800842285e-01
4.727438986301422119e-01 5.272561311721801758e-01
4.726815521717071533e-01 5.273184776306152344e-01
4.727525115013122559e-01 5.272474884986877441e-01
4.727736413478851318e-01 5.272262692451477051e-01
4.727032482624053955e-01 5.272967815399169922e-01
4.728016555309295654e-01 5.271983146667480469e-01
4.726985394954681396e-01 5.273013710975646973e-01
4.727379977703094482e-01 5.272620320320129395e-01
4.726854562759399414e-01 5.273145437240600586e-01
4.727033972740173340e-01 5.272965431213378906e-01
4.729081988334655762e-01 5.270918011665344238e-01
4.726495444774627686e-01 5.273503661155700684e-01
4.726772904396057129e-01 5.273227691650390625e-01
4.726939797401428223e-01 5.273060202598571777e-01
4.726407229900360107e-01 5.273593664169311523e-01
4.726763963699340820e-01 5.273236036300659180e-01
4.725506007671356201e-01 5.274493098258972168e-01
4.729433953762054443e-01 5.270565748214721680e-01
4.727676212787628174e-01 5.272323489189147949e-01
4.728341102600097656e-01 5.271658897399902344e-01
4.727373719215393066e-01 5.272626280784606934e-01
4.727628827095031738e-01 5.272371768951416016e-01
4.728426635265350342e-01 5.271573066711425781e-01
4.724721610546112061e-01 5.275278091430664062e-01
4.726459980010986328e-01 5.273539423942565918e-01
4.727268815040588379e-01 5.272731781005859375e-01
4.726732671260833740e-01 5.273267030715942383e-01
4.726661145687103271e-01 5.273339748382568359e-01
4.726911783218383789e-01 5.273087620735168457e-01
4.726860523223876953e-01 5.273139476776123047e-01
4.725636541843414307e-01 5.274363756179809570e-01
4.728345274925231934e-01 5.271654725074768066e-01
4.728003740310668945e-01 5.271996855735778809e-01
4.727313816547393799e-01 5.272686481475830078e-01
4.725611805915832520e-01 5.274388194084167480e-01
4.729032516479492188e-01 5.270966887474060059e-01
4.727502763271331787e-01 5.272496938705444336e-01
4.727126657962799072e-01 5.272873640060424805e-01
4.727612733840942383e-01 5.272387266159057617e-01
4.727477133274078369e-01 5.272522568702697754e-01
4.726134836673736572e-01 5.273865461349487305e-01
4.728563725948333740e-01 5.271435976028442383e-01
4.727804362773895264e-01 5.272195935249328613e-01
4.728088378906250000e-01 5.271911621093750000e-01
4.726821184158325195e-01 5.273178219795227051e-01
4.729839265346527100e-01 5.270161032676696777e-01
4.725935757160186768e-01 5.274063944816589355e-01
4.728171527385711670e-01 5.271828174591064453e-01
4.727717936038970947e-01 5.272281765937805176e-01
4.726518094539642334e-01 5.273482203483581543e-01
4.726518094539642334e-01 5.273482203483581543e-01
4.728634059429168701e-01 5.271366238594055176e-01
4.728985130786895752e-01 5.271014571189880371e-01
4.723180830478668213e-01 5.276818275451660156e-01
4.727268815040588379e-01 5.272731184959411621e-01
4.727101027965545654e-01 5.272898674011230469e-01
4.724817276000976562e-01 5.275183320045471191e-01
4.726823568344116211e-01 5.273176431655883789e-01
4.728441238403320312e-01 5.271558761596679688e-01
4.727364778518676758e-01 5.272635221481323242e-01
4.727591872215270996e-01 5.272408127784729004e-01
4.727690815925598145e-01 5.272308588027954102e-01
4.724402725696563721e-01 5.275597572326660156e-01
4.726997613906860352e-01 5.273002982139587402e-01
4.726947844028472900e-01 5.273052453994750977e-01
4.728052020072937012e-01 5.271947979927062988e-01
4.727099537849426270e-01 5.272900462150573730e-01
4.727622866630554199e-01 5.272377133369445801e-01
4.729257225990295410e-01 5.270742774009704590e-01
4.726468920707702637e-01 5.273531675338745117e-01
4.727021753787994385e-01 5.272977948188781738e-01
4.726231992244720459e-01 5.273768305778503418e-01
4.728279411792755127e-01 5.271720290184020996e-01
4.725936949253082275e-01 5.274062752723693848e-01
4.728355407714843750e-01 5.271644592285156250e-01
4.727905392646789551e-01 5.272094607353210449e-01
4.726095199584960938e-01 5.273904800415039062e-01
4.726495444774627686e-01 5.273503661155700684e-01
4.727589488029479980e-01 5.272409915924072266e-01
4.726348817348480225e-01 5.273650884628295898e-01
4.722003042697906494e-01 5.277996659278869629e-01
4.725614786148071289e-01 5.274385213851928711e-01
4.727337062358856201e-01 5.272662639617919922e-01
4.725452959537506104e-01 5.274547338485717773e-01
4.727418124675750732e-01 5.272581577301025391e-01
4.727731347084045410e-01 5.272268056869506836e-01
4.727239012718200684e-01 5.272761583328247070e-01
4.727894365787506104e-01 5.272105336189270020e-01
4.725203514099121094e-01 5.274796485900878906e-01
4.725569188594818115e-01 5.274431109428405762e-01
4.724615812301635742e-01 5.275384187698364258e-01
4.727132022380828857e-01 5.272868275642395020e-01
4.728091359138488770e-01 5.271909236907958984e-01
4.726852774620056152e-01 5.273147225379943848e-01
4.727297723293304443e-01 5.272702574729919434e-01
4.726207256317138672e-01 5.273792743682861328e-01
4.725789725780487061e-01 5.274210572242736816e-01
4.726614356040954590e-01 5.273385643959045410e-01
4.724841713905334473e-01 5.275158286094665527e-01
4.727081656455993652e-01 5.272917747497558594e-01
4.728396236896514893e-01 5.271604061126708984e-01
4.727097153663635254e-01 5.272902846336364746e-01
4.727870225906372070e-01 5.272129178047180176e-01
4.727368354797363281e-01 5.272631645202636719e-01
4.726745486259460449e-01 5.273254513740539551e-01
4.729293584823608398e-01 5.270706415176391602e-01
4.725021421909332275e-01 5.274978280067443848e-01
4.726772308349609375e-01 5.273227691650390625e-01
4.727565050125122070e-01 5.272434353828430176e-01
4.726433753967285156e-01 5.273565649986267090e-01
4.728239774703979492e-01 5.271760225296020508e-01
4.727738797664642334e-01 5.272260904312133789e-01
4.727430641651153564e-01 5.272569060325622559e-01
4.729168713092803955e-01 5.270830988883972168e-01
4.726971089839935303e-01 5.273029208183288574e-01
4.727393984794616699e-01 5.272606015205383301e-01
4.726546704769134521e-01 5.273452997207641602e-01
4.724452495574951172e-01 5.275547504425048828e-01
4.725742638111114502e-01 5.274257659912109375e-01
4.726907610893249512e-01 5.273092389106750488e-01
4.727383553981781006e-01 5.272616744041442871e-01
4.726025164127349854e-01 5.273975133895874023e-01
4.726816117763519287e-01 5.273183584213256836e-01
4.726944565773010254e-01 5.273055434226989746e-01
4.726730883121490479e-01 5.273269414901733398e-01
4.726598858833312988e-01 5.273400545120239258e-01
4.727619290351867676e-01 5.272380709648132324e-01
4.726922214031219482e-01 5.273077487945556641e-01
4.727289378643035889e-01 5.272710323333740234e-01
4.725636541843414307e-01 5.274363756179809570e-01
4.727562665939331055e-01 5.272437334060668945e-01
4.728936851024627686e-01 5.271062850952148438e-01
4.726368486881256104e-01 5.273631215095520020e-01
4.725569188594818115e-01 5.274431109428405762e-01
4.725337326526641846e-01 5.274662375450134277e-01
4.724391698837280273e-01 5.275607705116271973e-01
4.728127121925354004e-01 5.271872878074645996e-01
4.726463854312896729e-01 5.273536443710327148e-01
4.726361334323883057e-01 5.273638963699340820e-01
4.729454219341278076e-01 5.270545482635498047e-01
4.728016555309295654e-01 5.271983146667480469e-01
4.728837311267852783e-01 5.271162390708923340e-01
4.724373221397399902e-01 5.275627374649047852e-01
4.728226065635681152e-01 5.271773338317871094e-01
4.727035760879516602e-01 5.272964835166931152e-01
4.727621674537658691e-01 5.272378325462341309e-01
4.727438986301422119e-01 5.272561311721801758e-01
4.728757143020629883e-01 5.271243453025817871e-01
4.728279411792755127e-01 5.271720290184020996e-01
4.727103710174560547e-01 5.272896289825439453e-01
4.727496802806854248e-01 5.272503495216369629e-01
4.727097749710083008e-01 5.272902846336364746e-01
4.727691113948822021e-01 5.272308588027954102e-01
4.728496968746185303e-01 5.271502733230590820e-01
4.726672768592834473e-01 5.273327827453613281e-01
4.727150797843933105e-01 5.272849798202514648e-01
4.727275371551513672e-01 5.272725224494934082e-01
4.727551639080047607e-01 5.272448658943176270e-01
4.726769924163818359e-01 5.273230671882629395e-01
4.726607203483581543e-01 5.273393392562866211e-01
4.726727604866027832e-01 5.273272395133972168e-01
4.726877510547637939e-01 5.273122191429138184e-01
4.726772904396057129e-01 5.273227691650390625e-01
4.726592600345611572e-01 5.273407697677612305e-01
4.727056622505187988e-01 5.272943377494812012e-01
4.728441238403320312e-01 5.271558761596679688e-01
4.726836681365966797e-01 5.273163318634033203e-01
4.726639688014984131e-01 5.273360013961791992e-01
4.726114571094512939e-01 5.273885130882263184e-01
4.727572798728942871e-01 5.272426605224609375e-01
4.727482795715332031e-01 5.272517204284667969e-01
4.726730883121490479e-01 5.273269414901733398e-01
4.726650118827819824e-01 5.273349285125732422e-01
4.727677106857299805e-01 5.272322893142700195e-01
4.727629721164703369e-01 5.272369384765625000e-01
4.726529419422149658e-01 5.273470878601074219e-01
4.727939367294311523e-01 5.272060632705688477e-01
4.725021421909332275e-01 5.274978280067443848e-01
4.727689325809478760e-01 5.272309780120849609e-01
4.726646840572357178e-01 5.273352861404418945e-01
4.728175699710845947e-01 5.271825194358825684e-01
4.726243317127227783e-01 5.273756384849548340e-01
4.727058410644531250e-01 5.272941589355468750e-01
4.727438986301422119e-01 5.272560715675354004e-01
4.727523326873779297e-01 5.272476673126220703e-01
4.727379977703094482e-01 5.272620320320129395e-01
4.726780354976654053e-01 5.273219347000122070e-01
4.728155434131622314e-01 5.271844863891601562e-01
4.728664457798004150e-01 5.271335840225219727e-01
4.726858735084533691e-01 5.273141264915466309e-01
4.729303717613220215e-01 5.270696282386779785e-01
4.727380573749542236e-01 5.272619724273681641e-01
4.728809297084808350e-01 5.271190404891967773e-01
4.728282690048217773e-01 5.271716713905334473e-01
4.729640781879425049e-01 5.270359516143798828e-01
4.726930856704711914e-01 5.273069143295288086e-01
4.727799296379089355e-01 5.272200703620910645e-01
4.726608693599700928e-01 5.273391604423522949e-01
4.727482795715332031e-01 5.272517204284667969e-01
4.728983342647552490e-01 5.271015763282775879e-01
4.725631773471832275e-01 5.274368524551391602e-01
4.727331697940826416e-01 5.272668600082397461e-01
4.728334546089172363e-01 5.271665453910827637e-01
4.727232158184051514e-01 5.272768139839172363e-01
4.726996421813964844e-01 5.273004174232482910e-01
4.726811647415161133e-01 5.273188352584838867e-01
4.725709855556488037e-01 5.274290442466735840e-01
4.726459980010986328e-01 5.273539423942565918e-01
4.726738035678863525e-01 5.273261666297912598e-01
4.726917147636413574e-01 5.273082852363586426e-01
4.728017747402191162e-01 5.271981954574584961e-01
4.726546704769134521e-01 5.273453593254089355e-01
4.727520942687988281e-01 5.272479057312011719e-01
4.727897047996520996e-01 5.272103548049926758e-01
4.725230634212493896e-01 5.274769067764282227e-01
4.727631807327270508e-01 5.272367596626281738e-01
4.726772904396057129e-01 5.273227691650390625e-01
4.725774824619293213e-01 5.274225473403930664e-01
4.727151095867156982e-01 5.272848606109619141e-01
4.728066027164459229e-01 5.271934270858764648e-01
4.727810323238372803e-01 5.272189378738403320e-01
4.728679060935974121e-01 5.271321535110473633e-01
4.727246463298797607e-01 5.272753238677978516e-01
4.725637733936309814e-01 5.274362564086914062e-01
4.729078114032745361e-01 5.270922183990478516e-01
4.726832211017608643e-01 5.273167490959167480e-01
4.726910889148712158e-01 5.273088812828063965e-01
4.726615846157073975e-01 5.273384451866149902e-01
4.727777242660522461e-01 5.272223353385925293e-01
4.725385904312133789e-01 5.274614095687866211e-01
4.725503325462341309e-01 5.274497270584106445e-01
4.725444316864013672e-01 5.274556279182434082e-01
4.727327227592468262e-01 5.272672772407531738e-01
4.727371037006378174e-01 5.272628664970397949e-01
4.721484780311584473e-01 5.278515219688415527e-01
4.728348255157470703e-01 5.271651744842529297e-01
4.727851450443267822e-01 5.272148847579956055e-01
4.727221727371215820e-01 5.272778868675231934e-01
4.727844595909118652e-01 5.272155404090881348e-01
4.728728234767913818e-01 5.271272659301757812e-01
4.727284312248229980e-01 5.272716283798217773e-01
4.728446304798126221e-01 5.271553397178649902e-01
4.726572632789611816e-01 5.273426771163940430e-01
4.728306233882904053e-01 5.271693468093872070e-01
4.724615812301635742e-01 5.275384187698364258e-01
4.727519154548645020e-01 5.272480249404907227e-01
4.726635515689849854e-01 5.273364186286926270e-01
4.727454781532287598e-01 5.272545218467712402e-01
4.725705683231353760e-01 5.274293422698974609e-01
4.726718664169311523e-01 5.273281931877136230e-01
4.726579189300537109e-01 5.273420214653015137e-01
4.727519452571868896e-01 5.272480845451354980e-01
4.724435210227966309e-01 5.275564789772033691e-01
4.726830422878265381e-01 5.273169279098510742e-01
4.726234376430511475e-01 5.273765325546264648e-01
4.727016389369964600e-01 5.272983908653259277e-01
4.728280007839202881e-01 5.271720290184020996e-01
4.727174341678619385e-01 5.272825956344604492e-01
4.727012813091278076e-01 5.272986888885498047e-01
4.725723564624786377e-01 5.274276733398437500e-01
4.727601110935211182e-01 5.272398591041564941e-01
4.725901186466217041e-01 5.274098515510559082e-01
4.726028740406036377e-01 5.273971557617187500e-01
4.726585447788238525e-01 5.273414254188537598e-01
4.728306233882904053e-01 5.271693468093872070e-01
4.727521836757659912e-01 5.272478461265563965e-01
4.725709855556488037e-01 5.274290442466735840e-01
4.726849794387817383e-01 5.273150801658630371e-01
4.725623726844787598e-01 5.274375677108764648e-01
4.726615250110626221e-01 5.273384451866149902e-01
4.728336036205291748e-01 5.271664857864379883e-01
4.727386534214019775e-01 5.272613763809204102e-01
4.726649224758148193e-01 5.273351669311523438e-01
