4.987180233001708984e-01 5.012820363044738770e-01
4.986330270767211914e-01 5.013670325279235840e-01
4.985986053943634033e-01 5.014013648033142090e-01
4.986075460910797119e-01 5.013924241065979004e-01
4.985976517200469971e-01 5.014023184776306152e-01
4.987155199050903320e-01 5.012844204902648926e-01
4.986000657081604004e-01 5.013999938964843750e-01
4.986478090286254883e-01 5.013521313667297363e-01
4.985460638999938965e-01 5.014539957046508789e-01
4.986938834190368652e-01 5.013061165809631348e-01
4.986766874790191650e-01 5.013234019279479980e-01
4.986143112182617188e-01 5.013856887817382812e-01
4.986588656902313232e-01 5.013411641120910645e-01
4.986649751663208008e-01 5.013350844383239746e-01
4.985643029212951660e-01 5.014356970787048340e-01
4.986525177955627441e-01 5.013474822044372559e-01
4.986062645912170410e-01 5.013937354087829590e-01
4.986582696437835693e-01 5.013417601585388184e-01
4.986099898815155029e-01 5.013899803161621094e-01
4.985768496990203857e-01 5.014231801033020020e-01
4.986525475978851318e-01 5.013474822044372559e-01
4.986416995525360107e-01 5.013582706451416016e-01
4.986190497875213623e-01 5.013809204101562500e-01
4.986048042774200439e-01 5.013951659202575684e-01
4.986147284507751465e-01 5.013852715492248535e-01
4.987264871597290039e-01 5.012735128402709961e-01
4.986231029033660889e-01 5.013768076896667480e-01
4.985938072204589844e-01 5.014061927795410156e-01
4.986241459846496582e-01 5.013758540153503418e-01
4.985950589179992676e-01 5.014050006866455078e-01
4.986492097377777100e-01 5.013508200645446777e-01
4.984942972660064697e-01 5.015057325363159180e-01
4.986219704151153564e-01 5.013780593872070312e-01
4.986190497875213623e-01 5.013809800148010254e-01
4.985468983650207520e-01 5.014531016349792480e-01
4.985184967517852783e-01 5.014814734458923340e-01
4.986472427845001221e-01 5.013527274131774902e-01
4.986470341682434082e-01 5.013529062271118164e-01
4.985391795635223389e-01 5.014607906341552734e-01
4.986588656902313232e-01 5.013411641120910645e-01
4.986793398857116699e-01 5.013206005096435547e-01
4.985790252685546875e-01 5.014209747314453125e-01
4.986085593700408936e-01 5.013914108276367188e-01
4.986464977264404297e-01 5.013535022735595703e-01
4.986212551593780518e-01 5.013788342475891113e-01
4.985864162445068359e-01 5.014135837554931641e-01
4.986706972122192383e-01 5.013292431831359863e-01
4.983282089233398438e-01 5.016717314720153809e-01
4.985963702201843262e-01 5.014035701751708984e-01
4.986366033554077148e-01 5.013633966445922852e-01
4.986165463924407959e-01 5.013834834098815918e-01
4.986354708671569824e-01 5.013644695281982422e-01
4.985905587673187256e-01 5.014093518257141113e-01
4.985680282115936279e-01 5.014320015907287598e-01
4.985899925231933594e-01 5.014100074768066406e-01
4.987210631370544434e-01 5.012789368629455566e-01
4.985794126987457275e-01 5.014206171035766602e-01
4.986398816108703613e-01 5.013601183891296387e-01
4.983335137367248535e-01 5.016664862632751465e-01
4.986638128757476807e-01 5.013362169265747070e-01
4.986517429351806641e-01 5.013482570648193359e-01
4.986407458782196045e-01 5.013592243194580078e-01
4.987044334411621094e-01 5.012955069541931152e-01
4.985481798648834229e-01 5.014519095420837402e-01
4.986074566841125488e-01 5.013925433158874512e-01
4.985642731189727783e-01 5.014356970787048340e-01
4.986536800861358643e-01 5.013462901115417480e-01
4.986769556999206543e-01 5.013231039047241211e-01
4.986023008823394775e-01 5.013976693153381348e-01
4.985481798648834229e-01 5.014519095420837402e-01
4.986525475978851318e-01 5.013474822044372559e-01
4.985207319259643555e-01 5.014792680740356445e-01
4.985184967517852783e-01 5.014814734458923340e-01
4.986167848110198975e-01 5.013832449913024902e-01
4.986803233623504639e-01 5.013197064399719238e-01
4.986199140548706055e-01 5.013800859451293945e-01
4.986896216869354248e-01 5.013102889060974121e-01
4.986456334590911865e-01 5.013542771339416504e-01
4.986458122730255127e-01 5.013542175292968750e-01
4.987307190895080566e-01 5.012692809104919434e-01
4.986703991889953613e-01 5.013295412063598633e-01
4.986831545829772949e-01 5.013168454170227051e-01
4.986090660095214844e-01 5.013909339904785156e-01
4.986388087272644043e-01 5.013612508773803711e-01
4.986695051193237305e-01 5.013304948806762695e-01
4.986667633056640625e-01 5.013332366943359375e-01
4.986453056335449219e-01 5.013546347618103027e-01
4.986440837383270264e-01 5.013560056686401367e-01
4.986394345760345459e-01 5.013605356216430664e-01
4.986778497695922852e-01 5.013221502304077148e-01
4.986014962196350098e-01 5.013984441757202148e-01
4.986069798469543457e-01 5.013930201530456543e-01
4.986805617809295654e-01 5.013194084167480469e-01
4.986638128757476807e-01 5.013362169265747070e-01
4.986019134521484375e-01 5.013980269432067871e-01
4.985468983650207520e-01 5.014531016349792480e-01
4.986382722854614258e-01 5.013617277145385742e-01
4.984943270683288574e-01 5.015056729316711426e-01
4.986165463924407959e-01 5.013834834098815918e-01
4.986902177333831787e-01 5.013097524642944336e-01
4.986349344253540039e-01 5.013650059700012207e-01
4.986448884010314941e-01 5.013551115989685059e-01
4.986391067504882812e-01 5.013608932495117188e-01
4.985888004302978516e-01 5.014111995697021484e-01
4.986056685447692871e-01 5.013943314552307129e-01
4.986870288848876953e-01 5.013129711151123047e-01
4.986197054386138916e-01 5.013803243637084961e-01
4.986683726310729980e-01 5.013315677642822266e-01
4.986308515071868896e-01 5.013691782951354980e-01
4.986669123172760010e-01 5.013329982757568359e-01
4.986124932765960693e-01 5.013874173164367676e-01
4.986231327056884766e-01 5.013768076896667480e-01
4.986244738101959229e-01 5.013755559921264648e-01
4.986377060413360596e-01 5.013623237609863281e-01
4.986074268817901611e-01 5.013925433158874512e-01
4.986090660095214844e-01 5.013909339904785156e-01
4.986382722854614258e-01 5.013617873191833496e-01
4.986881315708160400e-01 5.013119578361511230e-01
4.986119866371154785e-01 5.013880133628845215e-01
4.986515045166015625e-01 5.013485550880432129e-01
4.986437559127807617e-01 5.013562440872192383e-01
4.986463785171508789e-01 5.013536214828491211e-01
4.986525475978851318e-01 5.013474822044372559e-01
4.985896348953247070e-01 5.014103651046752930e-01
4.985902309417724609e-01 5.014098286628723145e-01
4.984887838363647461e-01 5.015111565589904785e-01
4.986017942428588867e-01 5.013982057571411133e-01
4.988138973712921143e-01 5.011861324310302734e-01
4.986323118209838867e-01 5.013677477836608887e-01
4.986433982849121094e-01 5.013566017150878906e-01
4.986614584922790527e-01 5.013385415077209473e-01
4.985680282115936279e-01 5.014320015907287598e-01
4.986364245414733887e-01 5.013635158538818359e-01
4.986639916896820068e-01 5.013360381126403809e-01
4.986024498939514160e-01 5.013974905014038086e-01
4.985525310039520264e-01 5.014474391937255859e-01
4.986334145069122314e-01 5.013665556907653809e-01
4.985088109970092773e-01 5.014911890029907227e-01
4.986895620822906494e-01 5.013103485107421875e-01
4.986450672149658203e-01 5.013549327850341797e-01
4.986760616302490234e-01 5.013239383697509766e-01
4.986183941364288330e-01 5.013816356658935547e-01
4.986439645290374756e-01 5.013561248779296875e-01
4.986212551593780518e-01 5.013788342475891113e-01
4.986242055892944336e-01 5.013757348060607910e-01
4.985923469066619873e-01 5.014076232910156250e-01
4.986253678798675537e-01 5.013746023178100586e-01
4.986252486705780029e-01 5.013747215270996094e-01
4.986755847930908203e-01 5.013244152069091797e-01
4.986076354980468750e-01 5.013923645019531250e-01
4.985840618610382080e-01 5.014159083366394043e-01
4.986560046672821045e-01 5.013439655303955078e-01
4.986636340618133545e-01 5.013363361358642578e-01
4.986802637577056885e-01 5.013197660446166992e-01
4.986024200916290283e-01 5.013976097106933594e-01
4.986852109432220459e-01 5.013147592544555664e-01
4.986201822757720947e-01 5.013798475265502930e-01
4.986039996147155762e-01 5.013959407806396484e-01
4.986936151981353760e-01 5.013064146041870117e-01
4.986562132835388184e-01 5.013437271118164062e-01
4.986523687839508057e-01 5.013476610183715820e-01
4.986898303031921387e-01 5.013101100921630859e-01
4.985162019729614258e-01 5.014838576316833496e-01
4.986296296119689941e-01 5.013703703880310059e-01
4.986171722412109375e-01 5.013828277587890625e-01
4.986153841018676758e-01 5.013845562934875488e-01
4.985976517200469971e-01 5.014023184776306152e-01
4.986634254455566406e-01 5.013366341590881348e-01
4.986501932144165039e-01 5.013497471809387207e-01
4.985801279544830322e-01 5.014197826385498047e-01
4.986599981784820557e-01 5.013399720191955566e-01
4.985879361629486084e-01 5.014120340347290039e-01
4.986800849437713623e-01 5.013199448585510254e-01
4.986610710620880127e-01 5.013389587402343750e-01
4.987063705921173096e-01 5.012935996055603027e-01
4.986451864242553711e-01 5.013548135757446289e-01
4.986677467823028564e-01 5.013321638107299805e-01
4.986076354980468750e-01 5.013923645019531250e-01
4.986523985862731934e-01 5.013476610183715820e-01
4.985643029212951660e-01 5.014356970787048340e-01
4.986222982406616211e-01 5.013777017593383789e-01
4.986334443092346191e-01 5.013664960861206055e-01
4.986571371555328369e-01 5.013428330421447754e-01
4.987268745899200439e-01 5.012731552124023438e-01
4.986989498138427734e-01 5.013010501861572266e-01
4.986929595470428467e-01 5.013070702552795410e-01
4.986470043659210205e-01 5.013530254364013672e-01
4.986569285392761230e-01 5.013430714607238770e-01
4.986719489097595215e-01 5.013280510902404785e-01
4.985716342926025391e-01 5.014283061027526855e-01
4.986425936222076416e-01 5.013574361801147461e-01
4.986442327499389648e-01 5.013558268547058105e-01
4.986611306667327881e-01 5.013388395309448242e-01
4.986534714698791504e-01 5.013465285301208496e-01
4.986690878868103027e-01 5.013308525085449219e-01
4.986198544502258301e-01 5.013802051544189453e-01
4.985442161560058594e-01 5.014557242393493652e-01
4.985746145248413086e-01 5.014253258705139160e-01
4.986421763896942139e-01 5.013578534126281738e-01
4.985931813716888428e-01 5.014067888259887695e-01
4.987036287784576416e-01 5.012964010238647461e-01
4.986620247364044189e-01 5.013380050659179688e-01
4.986420273780822754e-01 5.013580322265625000e-01
4.986566603183746338e-01 5.013432502746582031e-01
4.986879229545593262e-01 5.013120770454406738e-01
4.987476468086242676e-01 5.012523531913757324e-01
4.986267685890197754e-01 5.013732314109802246e-01
4.986449778079986572e-01 5.013549327850341797e-01
4.987291097640991211e-01 5.012708902359008789e-01
4.986724555492401123e-01 5.013275146484375000e-01
4.985963702201843262e-01 5.014035701751708984e-01
4.986534714698791504e-01 5.013465881347656250e-01
4.987923800945281982e-01 5.012076497077941895e-01
4.986447691917419434e-01 5.013552308082580566e-01
4.986304938793182373e-01 5.013694763183593750e-01
4.985703825950622559e-01 5.014296174049377441e-01
4.986215829849243164e-01 5.013784766197204590e-01
4.986095726490020752e-01 5.013904571533203125e-01
4.987020194530487061e-01 5.012979507446289062e-01
4.986364543437957764e-01 5.013635158538818359e-01
4.986455142498016357e-01 5.013543963432312012e-01
4.985545277595520020e-01 5.014454126358032227e-01
4.986862242221832275e-01 5.013137459754943848e-01
4.986452460289001465e-01 5.013546943664550781e-01
4.986382722854614258e-01 5.013617873191833496e-01
4.986593723297119141e-01 5.013406276702880859e-01
4.985948801040649414e-01 5.014051198959350586e-01
4.984942972660064697e-01 5.015057325363159180e-01
4.985237717628479004e-01 5.014761686325073242e-01
4.986881315708160400e-01 5.013119578361511230e-01
4.985935091972351074e-01 5.014064908027648926e-01
4.986572265625000000e-01 5.013427734375000000e-01
4.986706972122192383e-01 5.013292431831359863e-01
4.986028671264648438e-01 5.013970732688903809e-01
4.986717998981475830e-01 5.013281702995300293e-01
4.986384212970733643e-01 5.013616085052490234e-01
4.985762238502502441e-01 5.014238357543945312e-01
4.986350238323211670e-01 5.013649463653564453e-01
4.985640347003936768e-01 5.014359354972839355e-01
4.986382424831390381e-01 5.013617873191833496e-01
4.987307190895080566e-01 5.012692809104919434e-01
4.986290335655212402e-01 5.013709664344787598e-01
4.986198544502258301e-01 5.013802051544189453e-01
4.986716806888580322e-01 5.013283491134643555e-01
4.986393451690673828e-01 5.013606548309326172e-01
4.985613524913787842e-01 5.014386773109436035e-01
4.985713362693786621e-01 5.014286637306213379e-01
4.986774921417236328e-01 5.013225078582763672e-01
4.986478984355926514e-01 5.013520717620849609e-01
4.986483454704284668e-01 5.013516545295715332e-01
4.986578226089477539e-01 5.013421773910522461e-01
4.985606670379638672e-01 5.014393329620361328e-01
4.986122250556945801e-01 5.013877153396606445e-01
4.985531568527221680e-01 5.014468431472778320e-01
4.986908733844757080e-01 5.013091564178466797e-01
4.986501336097717285e-01 5.013498067855834961e-01
4.986390173435211182e-01 5.013610124588012695e-01
4.986324310302734375e-01 5.013676285743713379e-01
4.986516237258911133e-01 5.013483762741088867e-01
4.987078607082366943e-01 5.012921094894409180e-01
4.986647665500640869e-01 5.013352632522583008e-01
4.987729787826538086e-01 5.012269616127014160e-01
4.986491203308105469e-01 5.013509392738342285e-01
4.985212683677673340e-01 5.014787316322326660e-01
4.986627101898193359e-01 5.013373494148254395e-01
4.986583590507507324e-01 5.013415813446044922e-01
4.986109137535095215e-01 5.013890862464904785e-01
4.985815286636352539e-01 5.014184713363647461e-01
4.986129701137542725e-01 5.013870000839233398e-01
4.986378252506256104e-01 5.013621449470520020e-01
4.986421763896942139e-01 5.013578534126281738e-01
4.986290931701660156e-01 5.013709068298339844e-01
4.986159503459930420e-01 5.013840198516845703e-01
4.986137747764587402e-01 5.013862252235412598e-01
4.986855089664459229e-01 5.013145208358764648e-01
4.985428750514984131e-01 5.014570951461791992e-01
4.986616671085357666e-01 5.013383030891418457e-01
4.986303746700286865e-01 5.013696551322937012e-01
4.986186623573303223e-01 5.013813972473144531e-01
4.985968172550201416e-01 5.014032125473022461e-01
4.986295998096466064e-01 5.013703703880310059e-01
4.985718727111816406e-01 5.014280676841735840e-01
4.986492693424224854e-01 5.013507008552551270e-01
4.983327090740203857e-01 5.016672611236572266e-01
4.986048042774200439e-01 5.013951659202575684e-01
4.986784160137176514e-01 5.013215541839599609e-01
4.986593127250671387e-01 5.013406276702880859e-01
4.986245036125183105e-01 5.013754367828369141e-01
4.986097216606140137e-01 5.013902783393859863e-01
4.985967874526977539e-01 5.014032125473022461e-01
4.986403882503509521e-01 5.013596415519714355e-01
4.986763298511505127e-01 5.013236999511718750e-01
4.988064169883728027e-01 5.011936426162719727e-01
4.986581206321716309e-01 5.013418793678283691e-01
4.985901117324829102e-01 5.014098882675170898e-01
4.986469745635986328e-01 5.013529658317565918e-01
4.986666142940521240e-01 5.013334751129150391e-01
4.986172914505004883e-01 5.013827085494995117e-01
4.986422061920166016e-01 5.013577938079833984e-01
4.986311495304107666e-01 5.013688206672668457e-01
4.986450076103210449e-01 5.013549923896789551e-01
4.985658824443817139e-01 5.014340877532958984e-01
4.986322224140167236e-01 5.013678073883056641e-01
4.986241757869720459e-01 5.013758540153503418e-01
4.986025989055633545e-01 5.013974308967590332e-01
4.985500276088714600e-01 5.014500021934509277e-01
4.986471831798553467e-01 5.013527870178222656e-01
4.985468983650207520e-01 5.014531016349792480e-01
4.986672401428222656e-01 5.013327598571777344e-01
4.986385405063629150e-01 5.013614296913146973e-01
4.985835552215576172e-01 5.014164447784423828e-01
4.986598789691925049e-01 5.013401508331298828e-01
4.986272752285003662e-01 5.013727545738220215e-01
4.985931217670440674e-01 5.014068484306335449e-01
4.985893666744232178e-01 5.014106631278991699e-01
4.986793398857116699e-01 5.013206005096435547e-01
4.986370801925659180e-01 5.013628602027893066e-01
4.985719025135040283e-01 5.014281272888183594e-01
4.985976517200469971e-01 5.014023184776306152e-01
4.985471963882446289e-01 5.014528036117553711e-01
4.986070990562438965e-01 5.013928413391113281e-01
4.985877573490142822e-01 5.014122724533081055e-01
4.986756443977355957e-01 5.013244152069091797e-01
4.986288845539093018e-01 5.013710856437683105e-01
4.985930323600769043e-01 5.014069676399230957e-01
4.986024200916290283e-01 5.013976097106933594e-01
4.986259341239929199e-01 5.013740062713623047e-01
4.986494481563568115e-01 5.013505220413208008e-01
4.985624849796295166e-01 5.014374852180480957e-01
4.986227452754974365e-01 5.013771653175354004e-01
4.986183941364288330e-01 5.013816356658935547e-01
4.986504912376403809e-01 5.013494491577148438e-01
4.986084103584289551e-01 5.013915896415710449e-01
4.986492097377777100e-01 5.013508200645446777e-01
4.986068010330200195e-01 5.013931393623352051e-01
4.986018538475036621e-01 5.013981461524963379e-01
4.985910952091217041e-01 5.014088153839111328e-01
4.986193478107452393e-01 5.013806223869323730e-01
4.985751807689666748e-01 5.014247894287109375e-01
4.986363649368286133e-01 5.013636350631713867e-01
4.986051917076110840e-01 5.013948082923889160e-01
4.985691905021667480e-01 5.014308691024780273e-01
4.986217319965362549e-01 5.013782978057861328e-01
4.986178278923034668e-01 5.013821125030517578e-01
4.986261725425720215e-01 5.013738274574279785e-01
4.986723959445953369e-01 5.013276338577270508e-01
4.986407458782196045e-01 5.013592839241027832e-01
4.986557066440582275e-01 5.013442635536193848e-01
4.985757172107696533e-01 5.014243125915527344e-01
4.985391795635223389e-01 5.014607906341552734e-01
4.986255168914794922e-01 5.013744235038757324e-01
4.986656010150909424e-01 5.013344883918762207e-01
4.986504912376403809e-01 5.013494491577148438e-01
4.986365139484405518e-01 5.013634562492370605e-01
4.986044466495513916e-01 5.013955831527709961e-01
4.986905753612518311e-01 5.013093352317810059e-01
4.987066686153411865e-01 5.012933611869812012e-01
4.986805319786071777e-01 5.013194680213928223e-01
4.986135959625244141e-01 5.013863444328308105e-01
4.986695051193237305e-01 5.013304352760314941e-01
4.986045062541961670e-01 5.013954639434814453e-01
4.986361563205718994e-01 5.013638138771057129e-01
4.986607432365417480e-01 5.013392567634582520e-01
4.986287057399749756e-01 5.013713240623474121e-01
4.986472427845001221e-01 5.013527274131774902e-01
4.986513853073120117e-01 5.013486146926879883e-01
4.985995292663574219e-01 5.014005303382873535e-01
4.986554086208343506e-01 5.013446807861328125e-01
4.985502660274505615e-01 5.014497637748718262e-01
4.986439049243927002e-01 5.013561844825744629e-01
4.986199438571929932e-01 5.013800263404846191e-01
4.986115396022796631e-01 5.013885498046875000e-01
4.986387193202972412e-01 5.013613104820251465e-01
4.986132383346557617e-01 5.013867616653442383e-01
4.985816776752471924e-01 5.014183521270751953e-01
4.986482560634613037e-01 5.013517141342163086e-01
4.986630082130432129e-01 5.013370513916015625e-01
4.986882209777832031e-01 5.013118386268615723e-01
4.986180365085601807e-01 5.013819336891174316e-01
4.986336529254913330e-01 5.013663172721862793e-01
4.986517131328582764e-01 5.013483166694641113e-01
4.986178278923034668e-01 5.013821125030517578e-01
4.986766278743743896e-01 5.013234615325927734e-01
4.986414909362792969e-01 5.013585090637207031e-01
4.986984729766845703e-01 5.013015866279602051e-01
4.986399710178375244e-01 5.013600587844848633e-01
4.986922442913055420e-01 5.013077855110168457e-01
4.985885918140411377e-01 5.014114379882812500e-01
4.985712170600891113e-01 5.014287829399108887e-01
4.983210265636444092e-01 5.016790032386779785e-01
4.986607730388641357e-01 5.013391971588134766e-01
4.986561536788940430e-01 5.013438463211059570e-01
4.986694455146789551e-01 5.013304948806762695e-01
4.985802173614501953e-01 5.014197230339050293e-01
4.986599683761596680e-01 5.013400912284851074e-01
4.986334145069122314e-01 5.013665556907653809e-01
4.986344575881958008e-01 5.013655424118041992e-01
4.986328482627868652e-01 5.013671517372131348e-01
4.986827373504638672e-01 5.013173222541809082e-01
4.986543953418731689e-01 5.013456344604492188e-01
4.986223280429840088e-01 5.013777613639831543e-01
4.986279308795928955e-01 5.013720393180847168e-01
4.986512362957000732e-01 5.013487935066223145e-01
4.986039400100708008e-01 5.013960003852844238e-01
4.986128211021423340e-01 5.013871788978576660e-01
4.986124932765960693e-01 5.013874769210815430e-01
4.986492097377777100e-01 5.013508200645446777e-01
4.986734688282012939e-01 5.013265609741210938e-01
4.985749721527099609e-01 5.014249682426452637e-01
4.986673891544342041e-01 5.013325810432434082e-01
4.986131191253662109e-01 5.013868212699890137e-01
4.986761808395385742e-01 5.013238787651062012e-01
4.986463785171508789e-01 5.013536214828491211e-01
4.986382424831390381e-01 5.013617873191833496e-01
4.986518323421478271e-01 5.013481974601745605e-01
4.987374842166900635e-01 5.012624859809875488e-01
4.986202120780944824e-01 5.013798475265502930e-01
4.986019134521484375e-01 5.013980269432067871e-01
4.985784888267517090e-01 5.014215707778930664e-01
4.986297488212585449e-01 5.013702511787414551e-01
4.986483454704284668e-01 5.013516545295715332e-01
4.986562132835388184e-01 5.013437867164611816e-01
4.986130595207214355e-01 5.013868808746337891e-01
4.985658824443817139e-01 5.014340877532958984e-01
4.985924065113067627e-01 5.014076232910156250e-01
4.986325204372406006e-01 5.013675093650817871e-01
4.986167848110198975e-01 5.013832449913024902e-01
4.986274242401123047e-01 5.013726353645324707e-01
4.986368417739868164e-01 5.013631582260131836e-01
4.985888004302978516e-01 5.014111995697021484e-01
4.986541867256164551e-01 5.013458132743835449e-01
4.986848831176757812e-01 5.013151168823242188e-01
4.986661672592163086e-01 5.013338327407836914e-01
4.986188411712646484e-01 5.013812184333801270e-01
4.986093640327453613e-01 5.013906955718994141e-01
4.986517429351806641e-01 5.013482570648193359e-01
4.986819922924041748e-01 5.013180375099182129e-01
4.986667335033416748e-01 5.013331770896911621e-01
4.986944794654846191e-01 5.013055801391601562e-01
4.986505210399627686e-01 5.013495087623596191e-01
4.986645579338073730e-01 5.013355016708374023e-01
4.986152052879333496e-01 5.013847947120666504e-01
4.986569285392761230e-01 5.013430714607238770e-01
4.986304044723510742e-01 5.013695955276489258e-01
4.986506104469299316e-01 5.013493299484252930e-01
4.983448982238769531e-01 5.016551017761230469e-01
4.986366033554077148e-01 5.013633966445922852e-01
4.986609816551208496e-01 5.013390183448791504e-01
4.986518919467926025e-01 5.013480782508850098e-01
4.985963702201843262e-01 5.014035701751708984e-01
4.986898303031921387e-01 5.013101100921630859e-01
4.986421763896942139e-01 5.013578534126281738e-01
4.986542165279388428e-01 5.013458132743835449e-01
4.985612034797668457e-01 5.014387369155883789e-01
4.986580908298492432e-01 5.013418793678283691e-01
4.986218810081481934e-01 5.013781785964965820e-01
4.986442327499389648e-01 5.013558268547058105e-01
4.985897243022918701e-01 5.014103651046752930e-01
4.986372590065002441e-01 5.013627409934997559e-01
4.986520409584045410e-01 5.013480186462402344e-01
4.987554252147674561e-01 5.012445449829101562e-01
4.986395835876464844e-01 5.013604164123535156e-01
4.986475706100463867e-01 5.013524293899536133e-01
4.985905587673187256e-01 5.014093518257141113e-01
4.986677765846252441e-01 5.013321638107299805e-01
4.986233413219451904e-01 5.013765692710876465e-01
4.985708296298980713e-01 5.014291405677795410e-01
4.985971152782440186e-01 5.014029145240783691e-01
4.986449778079986572e-01 5.013549923896789551e-01
4.986297488212585449e-01 5.013702511787414551e-01
4.986393153667449951e-01 5.013606548309326172e-01
4.985980093479156494e-01 5.014019608497619629e-01
4.983448982238769531e-01 5.016551017761230469e-01
4.986445307731628418e-01 5.013554692268371582e-01
4.986853599548339844e-01 5.013146400451660156e-01
4.986736178398132324e-01 5.013263821601867676e-01
4.986744225025177002e-01 5.013255476951599121e-01
4.986202418804168701e-01 5.013797283172607422e-01
4.986487329006195068e-01 5.013512372970581055e-01
4.986803233623504639e-01 5.013197064399719238e-01
4.986449778079986572e-01 5.013549327850341797e-01
4.986892640590667725e-01 5.013107061386108398e-01
4.985545277595520020e-01 5.014454126358032227e-01
4.986411631107330322e-01 5.013588666915893555e-01
4.985995292663574219e-01 5.014005303382873535e-01
4.986099898815155029e-01 5.013899803161621094e-01
4.986436963081359863e-01 5.013563036918640137e-01
4.986685812473297119e-01 5.013314485549926758e-01
4.986816346645355225e-01 5.013183355331420898e-01
4.985499978065490723e-01 5.014500021934509277e-01
4.986042976379394531e-01 5.013956427574157715e-01
4.985235929489135742e-01 5.014764070510864258e-01
4.987189471721649170e-01 5.012810826301574707e-01
4.986396729946136475e-01 5.013602972030639648e-01
4.986578524112701416e-01 5.013421177864074707e-01
4.987538158893585205e-01 5.012462139129638672e-01
4.986675679683685303e-01 5.013324022293090820e-01
4.986364543437957764e-01 5.013635158538818359e-01
4.986124932765960693e-01 5.013874173164367676e-01
4.986080825328826904e-01 5.013918876647949219e-01
4.985929727554321289e-01 5.014069676399230957e-01
4.986490905284881592e-01 5.013508796691894531e-01
4.986942112445831299e-01 5.013057589530944824e-01
4.986270070075988770e-01 5.013729929924011230e-01
4.986324012279510498e-01 5.013676881790161133e-01
4.986360669136047363e-01 5.013639330863952637e-01
4.985976517200469971e-01 5.014023184776306152e-01
4.986131787300109863e-01 5.013868212699890137e-01
4.986004531383514404e-01 5.013996362686157227e-01
4.986472427845001221e-01 5.013527274131774902e-01
4.985968172550201416e-01 5.014032125473022461e-01
4.986793398857116699e-01 5.013206005096435547e-01
4.986018538475036621e-01 5.013981461524963379e-01
4.986383914947509766e-01 5.013616085052490234e-01
4.986614882946014404e-01 5.013385415077209473e-01
4.986259341239929199e-01 5.013740658760070801e-01
4.985912442207336426e-01 5.014087557792663574e-01
4.988031089305877686e-01 5.011968612670898438e-01
4.986203908920288086e-01 5.013796091079711914e-01
4.986092746257781982e-01 5.013907551765441895e-01
4.985578060150146484e-01 5.014421939849853516e-01
4.986429810523986816e-01 5.013570189476013184e-01
4.985624253749847412e-01 5.014375448226928711e-01
4.986637830734252930e-01 5.013362765312194824e-01
4.986958801746368408e-01 5.013040900230407715e-01
4.982931017875671387e-01 5.017068386077880859e-01
4.986707270145416260e-01 5.013293027877807617e-01
4.986090660095214844e-01 5.013909339904785156e-01
4.986582100391387939e-01 5.013417601585388184e-01
4.985933303833007812e-01 5.014066696166992188e-01
4.985885620117187500e-01 5.014114379882812500e-01
4.986023306846618652e-01 5.013976097106933594e-01
4.986360669136047363e-01 5.013638734817504883e-01
4.986254572868347168e-01 5.013744831085205078e-01
4.986333847045898438e-01 5.013666152954101562e-01
4.986183047294616699e-01 5.013816356658935547e-01
4.985998272895812988e-01 5.014002323150634766e-01
4.986646473407745361e-01 5.013353228569030762e-01
4.986425638198852539e-01 5.013574957847595215e-01
4.986540973186492920e-01 5.013459324836730957e-01
4.986366033554077148e-01 5.013633966445922852e-01
4.987219274044036865e-01 5.012781023979187012e-01
4.986622929573059082e-01 5.013376474380493164e-01
4.986098408699035645e-01 5.013901591300964355e-01
4.986242055892944336e-01 5.013757348060607910e-01
4.986444115638732910e-01 5.013555288314819336e-01
4.986706972122192383e-01 5.013292431831359863e-01
4.986653923988342285e-01 5.013346076011657715e-01
4.985976517200469971e-01 5.014023780822753906e-01
4.986629784107208252e-01 5.013370513916015625e-01
4.986373782157897949e-01 5.013626217842102051e-01
4.986690878868103027e-01 5.013308525085449219e-01
4.986168742179870605e-01 5.013831257820129395e-01
4.986127316951751709e-01 5.013871788978576660e-01
4.986902773380279541e-01 5.013096332550048828e-01
4.986424446105957031e-01 5.013575553894042969e-01
4.986036419868469238e-01 5.013963580131530762e-01
4.985357522964477539e-01 5.014643073081970215e-01
4.985872507095336914e-01 5.014127492904663086e-01
4.986716806888580322e-01 5.013283491134643555e-01
4.985866546630859375e-01 5.014133453369140625e-01
4.986223876476287842e-01 5.013775229454040527e-01
4.986327886581420898e-01 5.013672709465026855e-01
4.986490905284881592e-01 5.013509392738342285e-01
4.986463487148284912e-01 5.013536810874938965e-01
4.986475706100463867e-01 5.013524293899536133e-01
4.986365139484405518e-01 5.013634562492370605e-01
4.986332058906555176e-01 5.013667941093444824e-01
4.986622929573059082e-01 5.013376474380493164e-01
4.986593723297119141e-01 5.013406276702880859e-01
4.986464381217956543e-01 5.013535618782043457e-01
4.985235929489135742e-01 5.014764070510864258e-01
4.986406862735748291e-01 5.013593435287475586e-01
4.986405670642852783e-01 5.013594627380371094e-01
4.986650645732879639e-01 5.013349056243896484e-01
4.986366033554077148e-01 5.013633966445922852e-01
4.986439049243927002e-01 5.013561844825744629e-01
4.985351860523223877e-01 5.014648437500000000e-01
4.985589981079101562e-01 5.014409422874450684e-01
4.987155199050903320e-01 5.012844204902648926e-01
4.986077547073364258e-01 5.013922452926635742e-01
4.986144602298736572e-01 5.013855099678039551e-01
4.986267089843750000e-01 5.013733506202697754e-01
4.986220300197601318e-01 5.013779997825622559e-01
4.986394345760345459e-01 5.013605952262878418e-01
4.986426532268524170e-01 5.013573765754699707e-01
4.986493289470672607e-01 5.013506412506103516e-01
4.986073076725006104e-01 5.013927221298217773e-01
4.986469447612762451e-01 5.013530850410461426e-01
4.986325204372406006e-01 5.013675689697265625e-01
4.986146390438079834e-01 5.013853311538696289e-01
4.984942972660064697e-01 5.015057325363159180e-01
4.983326494693756104e-01 5.016673803329467773e-01
4.986126720905303955e-01 5.013872385025024414e-01
4.986214339733123779e-01 5.013786554336547852e-01
4.986681342124938965e-01 5.013318657875061035e-01
4.986361265182495117e-01 5.013638734817504883e-01
4.985624253749847412e-01 5.014375448226928711e-01
4.986114203929901123e-01 5.013886690139770508e-01
4.986084699630737305e-01 5.013915300369262695e-01
4.985428750514984131e-01 5.014570951461791992e-01
4.986461102962493896e-01 5.013539195060729980e-01
4.986764788627624512e-01 5.013235211372375488e-01
4.986324012279510498e-01 5.013676285743713379e-01
4.988355338573455811e-01 5.011643767356872559e-01
4.986290931701660156e-01 5.013709068298339844e-01
4.986552596092224121e-01 5.013447403907775879e-01
4.986636638641357422e-01 5.013363361358642578e-01
4.986568987369537354e-01 5.013430714607238770e-01
4.986842572689056396e-01 5.013157129287719727e-01
4.986033737659454346e-01 5.013965964317321777e-01
4.986379444599151611e-01 5.013620257377624512e-01
4.986277818679809570e-01 5.013722181320190430e-01
4.987266957759857178e-01 5.012732744216918945e-01
4.985959231853485107e-01 5.014041066169738770e-01
4.985235929489135742e-01 5.014764070510864258e-01
4.986200332641601562e-01 5.013800263404846191e-01
4.986249804496765137e-01 5.013750195503234863e-01
4.987611770629882812e-01 5.012387633323669434e-01
4.986702799797058105e-01 5.013296604156494141e-01
4.986077249050140381e-01 5.013922452926635742e-01
4.985959827899932861e-01 5.014040470123291016e-01
4.985733330249786377e-01 5.014266967773437500e-01
4.986411035060882568e-01 5.013588666915893555e-01
4.986436069011688232e-01 5.013564825057983398e-01
4.986365139484405518e-01 5.013634562492370605e-01
4.986114203929901123e-01 5.013886094093322754e-01
4.987908601760864258e-01 5.012091398239135742e-01
4.986038804054260254e-01 5.013961195945739746e-01
4.986429214477539062e-01 5.013571381568908691e-01
4.986527562141418457e-01 5.013472437858581543e-01
4.986420273780822754e-01 5.013580322265625000e-01
4.986027181148529053e-01 5.013972520828247070e-01
4.986039400100708008e-01 5.013960003852844238e-01
4.986191689968109131e-01 5.013808608055114746e-01
4.986793398857116699e-01 5.013206005096435547e-01
4.986773133277893066e-01 5.013227462768554688e-01
4.986375272274017334e-01 5.013624429702758789e-01
4.986639022827148438e-01 5.013360977172851562e-01
4.986421763896942139e-01 5.013578534126281738e-01
4.986321330070495605e-01 5.013679265975952148e-01
4.985609054565429688e-01 5.014390945434570312e-01
4.985387027263641357e-01 5.014612674713134766e-01
4.985952675342559814e-01 5.014047026634216309e-01
4.986311495304107666e-01 5.013688206672668457e-01
4.987923800945281982e-01 5.012076497077941895e-01
4.986617267131805420e-01 5.013383030891418457e-01
4.985860288143157959e-01 5.014139413833618164e-01
4.986202418804168701e-01 5.013797283172607422e-01
4.986827373504638672e-01 5.013173222541809082e-01
4.986975491046905518e-01 5.013024210929870605e-01
4.986895620822906494e-01 5.013103485107421875e-01
4.985996484756469727e-01 5.014003515243530273e-01
4.986097514629364014e-01 5.013902783393859863e-01
4.986203014850616455e-01 5.013797283172607422e-01
4.986592531204223633e-01 5.013407468795776367e-01
4.986568689346313477e-01 5.013430714607238770e-01
4.986197054386138916e-01 5.013803243637084961e-01
4.986518919467926025e-01 5.013480782508850098e-01
4.986456632614135742e-01 5.013543367385864258e-01
4.986333250999450684e-01 5.013667345046997070e-01
4.986114799976348877e-01 5.013885498046875000e-01
4.987044334411621094e-01 5.012955069541931152e-01
4.986318945884704590e-01 5.013681650161743164e-01
4.985237717628479004e-01 5.014761686325073242e-01
4.986508190631866455e-01 5.013491511344909668e-01
4.986120760440826416e-01 5.013878345489501953e-01
4.986342191696166992e-01 5.013657212257385254e-01
4.985642731189727783e-01 5.014356970787048340e-01
4.986923038959503174e-01 5.013076663017272949e-01
4.986679255962371826e-01 5.013319849967956543e-01
4.985982179641723633e-01 5.014017820358276367e-01
4.986108839511871338e-01 5.013891458511352539e-01
4.986044466495513916e-01 5.013955831527709961e-01
4.986346364021301270e-01 5.013653039932250977e-01
4.985944926738739014e-01 5.014054775238037109e-01
4.986360967159271240e-01 5.013638734817504883e-01
4.986444711685180664e-01 5.013554692268371582e-01
4.986336529254913330e-01 5.013663172721862793e-01
4.985733926296234131e-01 5.014265775680541992e-01
4.986638724803924561e-01 5.013360977172851562e-01
4.987078607082366943e-01 5.012921094894409180e-01
4.986253678798675537e-01 5.013746023178100586e-01
4.986291825771331787e-01 5.013707876205444336e-01
4.986288845539093018e-01 5.013711452484130859e-01
4.986380338668823242e-01 5.013619661331176758e-01
4.986121654510498047e-01 5.013877749443054199e-01
4.986007213592529297e-01 5.013992786407470703e-01
4.986501932144165039e-01 5.013497471809387207e-01
4.986438751220703125e-01 5.013561844825744629e-01
4.986720085144042969e-01 5.013279914855957031e-01
4.986989498138427734e-01 5.013011097908020020e-01
4.985009431838989258e-01 5.014990568161010742e-01
4.983479082584381104e-01 5.016520619392395020e-01
4.983210265636444092e-01 5.016790032386779785e-01
4.986607730388641357e-01 5.013391971588134766e-01
4.986499547958374023e-01 5.013499855995178223e-01
4.986254572868347168e-01 5.013745427131652832e-01
4.986279904842376709e-01 5.013719797134399414e-01
4.986477792263031006e-01 5.013522505760192871e-01
4.986455142498016357e-01 5.013543963432312012e-01
4.986253678798675537e-01 5.013746023178100586e-01
4.986063838005065918e-01 5.013936161994934082e-01
4.986688196659088135e-01 5.013311505317687988e-01
4.986442625522613525e-01 5.013557672500610352e-01
4.986769556999206543e-01 5.013230443000793457e-01
4.986184537410736084e-01 5.013815760612487793e-01
4.986140429973602295e-01 5.013859272003173828e-01
4.985888004302978516e-01 5.014111995697021484e-01
4.986832737922668457e-01 5.013167858123779297e-01
4.986593127250671387e-01 5.013406276702880859e-01
4.985787868499755859e-01 5.014212131500244141e-01
4.986376166343688965e-01 5.013624429702758789e-01
4.987570047378540039e-01 5.012429952621459961e-01
4.986577630043029785e-01 5.013421773910522461e-01
4.986259341239929199e-01 5.013740658760070801e-01
4.987012445926666260e-01 5.012987256050109863e-01
4.986438751220703125e-01 5.013561844825744629e-01
4.986766278743743896e-01 5.013234615325927734e-01
4.986082017421722412e-01 5.013917684555053711e-01
4.985612332820892334e-01 5.014387965202331543e-01
4.986058175563812256e-01 5.013942122459411621e-01
4.986216723918914795e-01 5.013784170150756836e-01
4.985612332820892334e-01 5.014387965202331543e-01
4.986237585544586182e-01 5.013762116432189941e-01
4.983335137367248535e-01 5.016664862632751465e-01
4.985100626945495605e-01 5.014898777008056641e-01
4.986192882061004639e-01 5.013806819915771484e-01
4.986318051815032959e-01 5.013682246208190918e-01
4.986554086208343506e-01 5.013446807861328125e-01
4.986332654953002930e-01 5.013667345046997070e-01
4.986557066440582275e-01 5.013442635536193848e-01
4.986561536788940430e-01 5.013437867164611816e-01
4.986580908298492432e-01 5.013418793678283691e-01
4.986379444599151611e-01 5.013620257377624512e-01
4.985481798648834229e-01 5.014519095420837402e-01
4.986276030540466309e-01 5.013723969459533691e-01
4.986738860607147217e-01 5.013260841369628906e-01
4.985612332820892334e-01 5.014387965202331543e-01
4.986382424831390381e-01 5.013617873191833496e-01
4.985589981079101562e-01 5.014409422874450684e-01
4.986321330070495605e-01 5.013679265975952148e-01
4.986985027790069580e-01 5.013015270233154297e-01
4.986916482448577881e-01 5.013083219528198242e-01
4.986147284507751465e-01 5.013852715492248535e-01
4.985361099243164062e-01 5.014638900756835938e-01
4.986129999160766602e-01 5.013869404792785645e-01
4.986535906791687012e-01 5.013464093208312988e-01
4.987055659294128418e-01 5.012944340705871582e-01
4.986446201801300049e-01 5.013553500175476074e-01
4.985718429088592529e-01 5.014281868934631348e-01
4.985838234424591064e-01 5.014162063598632812e-01
4.986388087272644043e-01 5.013611316680908203e-01
4.986297190189361572e-01 5.013702511787414551e-01
4.986657798290252686e-01 5.013343095779418945e-01
4.986023604869842529e-01 5.013976097106933594e-01
4.986128211021423340e-01 5.013871788978576660e-01
4.986341595649719238e-01 5.013658404350280762e-01
4.986178576946258545e-01 5.013821721076965332e-01
4.985955655574798584e-01 5.014044642448425293e-01
4.986279606819152832e-01 5.013720393180847168e-01
4.986622631549835205e-01 5.013377666473388672e-01
4.986495077610015869e-01 5.013505220413208008e-01
4.985653758049011230e-01 5.014346837997436523e-01
4.985387027263641357e-01 5.014612674713134766e-01
4.986374974250793457e-01 5.013625025749206543e-01
4.986527562141418457e-01 5.013473033905029297e-01
4.986773431301116943e-01 5.013226866722106934e-01
4.986487925052642822e-01 5.013512372970581055e-01
4.987454712390899658e-01 5.012545585632324219e-01
4.986329972743988037e-01 5.013670921325683594e-01
4.986468255519866943e-01 5.013531446456909180e-01
4.985872507095336914e-01 5.014128088951110840e-01
4.986656010150909424e-01 5.013344883918762207e-01
4.986153244972229004e-01 5.013846755027770996e-01
4.985922574996948242e-01 5.014076828956604004e-01
4.986145794391632080e-01 5.013853907585144043e-01
4.985235929489135742e-01 5.014764070510864258e-01
4.986882209777832031e-01 5.013118386268615723e-01
4.986814856529235840e-01 5.013184547424316406e-01
4.986434280872344971e-01 5.013566017150878906e-01
4.985592365264892578e-01 5.014407038688659668e-01
4.986756742000579834e-01 5.013242959976196289e-01
4.986854493618011475e-01 5.013145208358764648e-01
4.986381530761718750e-01 5.013618469238281250e-01
4.985958337783813477e-01 5.014041066169738770e-01
4.986673593521118164e-01 5.013325810432434082e-01
4.986388683319091797e-01 5.013610720634460449e-01
4.986258447170257568e-01 5.013741850852966309e-01
4.986523389816284180e-01 5.013476610183715820e-01
4.985766708850860596e-01 5.014232993125915527e-01
4.986474812030792236e-01 5.013525485992431641e-01
4.985922574996948242e-01 5.014076828956604004e-01
4.986080527305603027e-01 5.013919472694396973e-01
4.986624419689178467e-01 5.013375282287597656e-01
4.986262917518615723e-01 5.013736486434936523e-01
4.986450970172882080e-01 5.013548135757446289e-01
4.986258149147033691e-01 5.013741850852966309e-01
4.986171424388885498e-01 5.013828277587890625e-01
4.985602200031280518e-01 5.014397501945495605e-01
4.986494183540344238e-01 5.013506412506103516e-01
4.986944794654846191e-01 5.013055801391601562e-01
4.986388981342315674e-01 5.013610720634460449e-01
4.986597597599029541e-01 5.013402700424194336e-01
4.986014366149902344e-01 5.013985037803649902e-01
4.986862242221832275e-01 5.013137459754943848e-01
4.985712170600891113e-01 5.014287829399108887e-01
4.986167550086975098e-01 5.013832449913024902e-01
4.986420273780822754e-01 5.013580322265625000e-01
4.986705183982849121e-01 5.013294219970703125e-01
4.986371397972106934e-01 5.013628005981445312e-01
4.986420273780822754e-01 5.013580322265625000e-01
4.986203014850616455e-01 5.013796687126159668e-01
4.986288845539093018e-01 5.013711452484130859e-01
4.986118078231811523e-01 5.013881921768188477e-01
4.986317157745361328e-01 5.013682842254638672e-01
4.985968172550201416e-01 5.014032125473022461e-01
4.986478090286254883e-01 5.013521313667297363e-01
4.986716806888580322e-01 5.013283491134643555e-01
4.986090660095214844e-01 5.013909339904785156e-01
4.986850917339324951e-01 5.013148784637451172e-01
4.986284077167510986e-01 5.013715624809265137e-01
4.985766708850860596e-01 5.014232993125915527e-01
4.987036287784576416e-01 5.012964010238647461e-01
4.985341727733612061e-01 5.014658570289611816e-01
4.985656142234802246e-01 5.014343857765197754e-01
4.986482858657836914e-01 5.013517141342163086e-01
4.985163509845733643e-01 5.014836788177490234e-01
4.984754323959350586e-01 5.015245676040649414e-01
4.986802637577056885e-01 5.013197064399719238e-01
4.986542165279388428e-01 5.013458132743835449e-01
4.987027347087860107e-01 5.012972950935363770e-01
4.986703991889953613e-01 5.013296008110046387e-01
4.986197948455810547e-01 5.013802051544189453e-01
4.985519349575042725e-01 5.014480948448181152e-01
4.986960887908935547e-01 5.013039112091064453e-01
4.986808300018310547e-01 5.013191103935241699e-01
4.986268579959869385e-01 5.013731718063354492e-01
4.985820055007934570e-01 5.014179944992065430e-01
4.986503422260284424e-01 5.013496279716491699e-01
4.986613392829895020e-01 5.013386607170104980e-01
4.986421763896942139e-01 5.013578534126281738e-01
4.986107349395751953e-01 5.013893246650695801e-01
4.986315965652465820e-01 5.013684034347534180e-01
4.986472427845001221e-01 5.013527274131774902e-01
4.985656142234802246e-01 5.014343857765197754e-01
4.985100626945495605e-01 5.014898777008056641e-01
4.986649751663208008e-01 5.013350248336791992e-01
4.986363947391510010e-01 5.013636350631713867e-01
4.986326396465301514e-01 5.013673901557922363e-01
4.986023306846618652e-01 5.013976097106933594e-01
4.986492097377777100e-01 5.013508200645446777e-01
4.986571073532104492e-01 5.013428330421447754e-01
4.986467659473419189e-01 5.013532042503356934e-01
4.986435770988464355e-01 5.013564229011535645e-01
4.985630810260772705e-01 5.014368891716003418e-01
4.985611140727996826e-01 5.014389157295227051e-01
4.986371397972106934e-01 5.013628005981445312e-01
4.985972344875335693e-01 5.014027357101440430e-01
4.986348748207092285e-01 5.013650655746459961e-01
4.986710846424102783e-01 5.013289451599121094e-01
4.986320137977600098e-01 5.013679862022399902e-01
4.986278712749481201e-01 5.013721585273742676e-01
4.986261725425720215e-01 5.013737678527832031e-01
4.986639916896820068e-01 5.013360381126403809e-01
4.985955655574798584e-01 5.014044642448425293e-01
4.986365139484405518e-01 5.013634562492370605e-01
4.985777437686920166e-01 5.014222860336303711e-01
4.986015260219573975e-01 5.013983845710754395e-01
4.987307190895080566e-01 5.012692809104919434e-01
4.986295998096466064e-01 5.013703703880310059e-01
4.986506402492523193e-01 5.013493895530700684e-01
4.986881911754608154e-01 5.013118982315063477e-01
4.986207783222198486e-01 5.013792514801025391e-01
4.986129999160766602e-01 5.013869404792785645e-01
4.986907839775085449e-01 5.013091564178466797e-01
4.985762238502502441e-01 5.014238357543945312e-01
4.986640512943267822e-01 5.013359785079956055e-01
4.987244307994842529e-01 5.012754797935485840e-01
4.986305832862854004e-01 5.013694167137145996e-01
4.986372888088226318e-01 5.013627409934997559e-01
4.986199736595153809e-01 5.013800859451293945e-01
4.986681342124938965e-01 5.013318657875061035e-01
4.986597895622253418e-01 5.013402700424194336e-01
4.985937476158142090e-01 5.014062523841857910e-01
4.985972940921783447e-01 5.014026761054992676e-01
4.986656904220581055e-01 5.013343095779418945e-01
4.985752403736114502e-01 5.014247298240661621e-01
4.986688196659088135e-01 5.013311505317687988e-01
4.986459612846374512e-01 5.013540387153625488e-01
4.986259341239929199e-01 5.013740658760070801e-01
4.986647665500640869e-01 5.013352632522583008e-01
4.985935688018798828e-01 5.014063715934753418e-01
4.986388683319091797e-01 5.013610720634460449e-01
4.986133873462677002e-01 5.013866424560546875e-01
4.986135661602020264e-01 5.013864636421203613e-01
4.986338317394256592e-01 5.013661384582519531e-01
4.986053705215454102e-01 5.013946294784545898e-01
4.986235499382019043e-01 5.013763904571533203e-01
4.987257719039916992e-01 5.012741684913635254e-01
4.987232089042663574e-01 5.012767910957336426e-01
4.986468851566314697e-01 5.013531446456909180e-01
4.986264705657958984e-01 5.013734698295593262e-01
4.984966814517974854e-01 5.015033483505249023e-01
4.985728263854980469e-01 5.014271736145019531e-01
4.986370205879211426e-01 5.013629198074340820e-01
4.986175596714019775e-01 5.013824105262756348e-01
4.986665844917297363e-01 5.013334751129150391e-01
4.986383318901062012e-01 5.013616681098937988e-01
4.986710846424102783e-01 5.013289451599121094e-01
4.986024200916290283e-01 5.013976097106933594e-01
4.985648393630981445e-01 5.014351606369018555e-01
4.986520409584045410e-01 5.013480186462402344e-01
4.986933171749114990e-01 5.013067126274108887e-01
4.986291825771331787e-01 5.013708472251892090e-01
4.984943270683288574e-01 5.015056729316711426e-01
4.989039897918701172e-01 5.010960102081298828e-01
4.985568523406982422e-01 5.014432072639465332e-01
4.986794590950012207e-01 5.013205409049987793e-01
4.986859560012817383e-01 5.013141036033630371e-01
4.987010061740875244e-01 5.012989044189453125e-01
4.985995292663574219e-01 5.014005303382873535e-01
4.986205399036407471e-01 5.013794898986816406e-01
4.986866712570190430e-01 5.013133883476257324e-01
4.986366331577301025e-01 5.013633966445922852e-01
4.986744225025177002e-01 5.013255476951599121e-01
4.986342489719390869e-01 5.013657212257385254e-01
4.986036419868469238e-01 5.013962984085083008e-01
4.985790550708770752e-01 5.014209747314453125e-01
4.985938072204589844e-01 5.014061927795410156e-01
4.986269176006317139e-01 5.013730525970458984e-01
4.985790252685546875e-01 5.014210343360900879e-01
4.986421763896942139e-01 5.013578534126281738e-01
4.986349344253540039e-01 5.013650059700012207e-01
4.986398518085479736e-01 5.013601183891296387e-01
4.987765550613403320e-01 5.012235045433044434e-01
4.985100626945495605e-01 5.014898777008056641e-01
4.986242055892944336e-01 5.013757348060607910e-01
4.986087083816528320e-01 5.013912916183471680e-01
4.985823929309844971e-01 5.014175772666931152e-01
4.986097514629364014e-01 5.013902783393859863e-01
4.986655414104461670e-01 5.013344883918762207e-01
4.986129999160766602e-01 5.013869404792785645e-01
4.986463785171508789e-01 5.013535618782043457e-01
4.985237717628479004e-01 5.014761686325073242e-01
4.986433386802673340e-01 5.013567209243774414e-01
4.986076354980468750e-01 5.013923645019531250e-01
4.986295998096466064e-01 5.013703703880310059e-01
4.985967576503753662e-01 5.014032125473022461e-01
4.986238181591033936e-01 5.013761520385742188e-01
4.985723495483398438e-01 5.014275908470153809e-01
4.985970556735992432e-01 5.014029741287231445e-01
4.986155927181243896e-01 5.013843774795532227e-01
4.986039400100708008e-01 5.013960003852844238e-01
4.983479082584381104e-01 5.016520619392395020e-01
4.986111223697662354e-01 5.013889670372009277e-01
4.986137449741363525e-01 5.013862252235412598e-01
4.985938072204589844e-01 5.014061331748962402e-01
4.985090792179107666e-01 5.014908909797668457e-01
4.986230731010437012e-01 5.013768672943115234e-01
4.987038373947143555e-01 5.012961626052856445e-01
4.986347258090972900e-01 5.013652443885803223e-01
4.986237883567810059e-01 5.013762116432189941e-01
4.987577795982360840e-01 5.012422204017639160e-01
4.986268579959869385e-01 5.013731718063354492e-01
4.985500276088714600e-01 5.014500021934509277e-01
4.985568523406982422e-01 5.014432072639465332e-01
4.986642599105834961e-01 5.013357996940612793e-01
4.986442625522613525e-01 5.013557672500610352e-01
4.985712170600891113e-01 5.014287829399108887e-01
4.986318945884704590e-01 5.013681650161743164e-01
4.986345469951629639e-01 5.013654232025146484e-01
4.985794126987457275e-01 5.014206767082214355e-01
4.986295998096466064e-01 5.013703703880310059e-01
4.986132681369781494e-01 5.013867020606994629e-01
4.986208379268646240e-01 5.013791322708129883e-01
4.986342489719390869e-01 5.013657212257385254e-01
4.985905587673187256e-01 5.014093518257141113e-01
4.985743165016174316e-01 5.014256834983825684e-01
4.985657036304473877e-01 5.014343261718750000e-01
4.987426698207855225e-01 5.012573003768920898e-01
4.986358880996704102e-01 5.013641119003295898e-01
4.986231327056884766e-01 5.013768076896667480e-01
4.986352324485778809e-01 5.013647675514221191e-01
4.986258149147033691e-01 5.013741850852966309e-01
4.987162053585052490e-01 5.012838244438171387e-01
4.986205697059631348e-01 5.013794898986816406e-01
4.986810088157653809e-01 5.013189911842346191e-01
4.985645413398742676e-01 5.014354586601257324e-01
4.985966086387634277e-01 5.014033913612365723e-01
4.986382722854614258e-01 5.013617873191833496e-01
4.985938072204589844e-01 5.014061927795410156e-01
4.987148642539978027e-01 5.012851357460021973e-01
4.986390769481658936e-01 5.013609528541564941e-01
4.986729025840759277e-01 5.013270378112792969e-01
4.986217319965362549e-01 5.013782978057861328e-01
4.986475110054016113e-01 5.013524293899536133e-01
4.986036419868469238e-01 5.013963580131530762e-01
4.986002743244171143e-01 5.013998150825500488e-01
4.986415803432464600e-01 5.013583898544311523e-01
4.985852837562561035e-01 5.014147162437438965e-01
4.986146092414855957e-01 5.013853311538696289e-01
4.983335137367248535e-01 5.016664862632751465e-01
4.987293481826782227e-01 5.012707114219665527e-01
4.986895620822906494e-01 5.013103485107421875e-01
4.986265897750854492e-01 5.013734698295593262e-01
4.986226856708526611e-01 5.013772845268249512e-01
4.986256062984466553e-01 5.013743638992309570e-01
4.985578060150146484e-01 5.014421939849853516e-01
4.986263215541839600e-01 5.013736486434936523e-01
4.986229836940765381e-01 5.013769865036010742e-01
4.986506700515747070e-01 5.013493299484252930e-01
4.986394643783569336e-01 5.013604760169982910e-01
4.986630678176879883e-01 5.013369321823120117e-01
4.986367225646972656e-01 5.013632774353027344e-01
4.986729919910430908e-01 5.013270378112792969e-01
4.986306130886077881e-01 5.013693571090698242e-01
4.986214637756347656e-01 5.013785958290100098e-01
4.986855983734130859e-01 5.013144612312316895e-01
4.985748827457427979e-01 5.014251470565795898e-01
4.986435174942016602e-01 5.013565421104431152e-01
4.986342489719390869e-01 5.013657212257385254e-01
4.986465573310852051e-01 5.013534426689147949e-01
4.986710846424102783e-01 5.013289451599121094e-01
4.987017810344696045e-01 5.012981295585632324e-01
4.985929727554321289e-01 5.014069676399230957e-01
4.986090064048767090e-01 5.013910531997680664e-01
4.987073838710784912e-01 5.012925863265991211e-01
4.986098110675811768e-01 5.013901591300964355e-01
4.986315965652465820e-01 5.013684630393981934e-01
4.985983073711395264e-01 5.014016628265380859e-01
4.985708296298980713e-01 5.014291405677795410e-01
4.986084699630737305e-01 5.013915300369262695e-01
4.985804557800292969e-01 5.014194846153259277e-01
4.986397624015808105e-01 5.013601779937744141e-01
4.985871315002441406e-01 5.014129281044006348e-01
4.986333250999450684e-01 5.013666152954101562e-01
4.986554682254791260e-01 5.013446211814880371e-01
4.986331462860107422e-01 5.013669133186340332e-01
4.986249804496765137e-01 5.013750195503234863e-01
4.986315071582794189e-01 5.013684630393981934e-01
4.984889924526214600e-01 5.015109777450561523e-01
4.986550509929656982e-01 5.013450384140014648e-01
4.986909925937652588e-01 5.013090372085571289e-01
4.985888004302978516e-01 5.014111995697021484e-01
4.986311793327331543e-01 5.013688206672668457e-01
4.986333549022674561e-01 5.013667345046997070e-01
4.986922442913055420e-01 5.013077855110168457e-01
4.987155199050903320e-01 5.012844204902648926e-01
4.986491501331329346e-01 5.013508200645446777e-01
4.986183941364288330e-01 5.013816356658935547e-01
4.986457228660583496e-01 5.013542175292968750e-01
4.986506700515747070e-01 5.013492703437805176e-01
4.986675381660461426e-01 5.013324022293090820e-01
4.984836876392364502e-01 5.015162825584411621e-01
4.986367523670196533e-01 5.013632774353027344e-01
4.986540079116821289e-01 5.013460516929626465e-01
4.986178278923034668e-01 5.013821125030517578e-01
4.986605942249298096e-01 5.013393759727478027e-01
4.986593127250671387e-01 5.013406276702880859e-01
4.985864162445068359e-01 5.014135837554931641e-01
4.987011849880218506e-01 5.012987256050109863e-01
4.986729919910430908e-01 5.013270378112792969e-01
4.985500276088714600e-01 5.014500021934509277e-01
4.986827373504638672e-01 5.013173222541809082e-01
4.986594021320343018e-01 5.013406276702880859e-01
4.986554980278015137e-01 5.013445019721984863e-01
4.985733330249786377e-01 5.014266967773437500e-01
4.986573457717895508e-01 5.013425946235656738e-01
4.986295998096466064e-01 5.013704299926757812e-01
4.986661970615386963e-01 5.013338923454284668e-01
4.987296164035797119e-01 5.012704133987426758e-01
4.986534714698791504e-01 5.013465881347656250e-01
4.986185431480407715e-01 5.013814568519592285e-01
4.987687766551971436e-01 5.012311935424804688e-01
4.986931979656219482e-01 5.013067722320556641e-01
4.986172914505004883e-01 5.013826489448547363e-01
4.986299276351928711e-01 5.013701319694519043e-01
4.985660612583160400e-01 5.014339089393615723e-01
4.986137449741363525e-01 5.013862252235412598e-01
4.986896216869354248e-01 5.013102889060974121e-01
4.986165463924407959e-01 5.013834834098815918e-01
4.986529052257537842e-01 5.013471245765686035e-01
4.986773133277893066e-01 5.013227462768554688e-01
4.986554980278015137e-01 5.013444423675537109e-01
4.986882209777832031e-01 5.013118386268615723e-01
4.986593127250671387e-01 5.013406872749328613e-01
4.986440539360046387e-01 5.013560056686401367e-01
4.987226724624633789e-01 5.012773871421813965e-01
4.986660778522491455e-01 5.013339519500732422e-01
4.986447691917419434e-01 5.013552308082580566e-01
4.986564815044403076e-01 5.013434290885925293e-01
4.986881315708160400e-01 5.013119578361511230e-01
4.986445307731628418e-01 5.013554692268371582e-01
4.985923171043395996e-01 5.014076232910156250e-01
4.986543357372283936e-01 5.013456940650939941e-01
4.986180961132049561e-01 5.013819336891174316e-01
4.986253678798675537e-01 5.013746023178100586e-01
4.986401498317718506e-01 5.013598799705505371e-01
4.985362291336059570e-01 5.014638304710388184e-01
4.986212551593780518e-01 5.013787746429443359e-01
4.986094236373901367e-01 5.013906359672546387e-01
4.983165264129638672e-01 5.016835331916809082e-01
4.986690282821655273e-01 5.013309121131896973e-01
4.986280500888824463e-01 5.013719797134399414e-01
4.986084997653961182e-01 5.013914704322814941e-01
4.986321330070495605e-01 5.013678669929504395e-01
4.983360469341278076e-01 5.016639828681945801e-01
4.986427426338195801e-01 5.013573169708251953e-01
4.986146092414855957e-01 5.013853311538696289e-01
4.986764788627624512e-01 5.013235211372375488e-01
4.986452758312225342e-01 5.013546347618103027e-01
4.985970556735992432e-01 5.014029741287231445e-01
4.987037479877471924e-01 5.012962818145751953e-01
4.985901117324829102e-01 5.014099478721618652e-01
4.986326098442077637e-01 5.013674497604370117e-01
4.986192584037780762e-01 5.013807415962219238e-01
4.984754323959350586e-01 5.015245676040649414e-01
4.986418783664703369e-01 5.013580918312072754e-01
4.985519051551818848e-01 5.014480352401733398e-01
4.986270070075988770e-01 5.013730525970458984e-01
4.986433982849121094e-01 5.013566017150878906e-01
4.986292421817779541e-01 5.013707280158996582e-01
4.986465573310852051e-01 5.013534426689147949e-01
4.986197054386138916e-01 5.013803243637084961e-01
4.986115694046020508e-01 5.013884902000427246e-01
4.985933303833007812e-01 5.014066696166992188e-01
4.986380338668823242e-01 5.013619661331176758e-01
4.986419379711151123e-01 5.013580322265625000e-01
4.986167848110198975e-01 5.013832449913024902e-01
4.985935688018798828e-01 5.014063715934753418e-01
4.986045062541961670e-01 5.013954639434814453e-01
4.986666142940521240e-01 5.013334751129150391e-01
4.986306726932525635e-01 5.013692975044250488e-01
4.986433684825897217e-01 5.013566613197326660e-01
4.985879957675933838e-01 5.014119744300842285e-01
4.986574351787567139e-01 5.013425946235656738e-01
4.986124932765960693e-01 5.013874769210815430e-01
4.985778033733367920e-01 5.014221668243408203e-01
4.986922442913055420e-01 5.013077855110168457e-01
4.986391067504882812e-01 5.013608932495117188e-01
4.986708760261535645e-01 5.013291835784912109e-01
4.986582696437835693e-01 5.013417601585388184e-01
4.986383020877838135e-01 5.013616681098937988e-01
4.985609054565429688e-01 5.014390945434570312e-01
4.987240731716156006e-01 5.012758970260620117e-01
4.986504018306732178e-01 5.013496279716491699e-01
4.986378550529479980e-01 5.013621449470520020e-01
4.986033439636230469e-01 5.013965964317321777e-01
4.986649751663208008e-01 5.013350248336791992e-01
4.986639022827148438e-01 5.013360977172851562e-01
4.986244440078735352e-01 5.013754963874816895e-01
4.986425638198852539e-01 5.013574957847595215e-01
4.986128211021423340e-01 5.013871788978576660e-01
4.984670579433441162e-01 5.015329718589782715e-01
4.986941218376159668e-01 5.013059377670288086e-01
4.986647665500640869e-01 5.013352632522583008e-01
4.986068308353424072e-01 5.013931393623352051e-01
4.986467659473419189e-01 5.013532042503356934e-01
4.986137449741363525e-01 5.013862252235412598e-01
4.986270070075988770e-01 5.013730525970458984e-01
4.986236095428466797e-01 5.013763308525085449e-01
4.985712170600891113e-01 5.014287829399108887e-01
4.986338317394256592e-01 5.013661384582519531e-01
4.986264407634735107e-01 5.013735890388488770e-01
4.986273050308227539e-01 5.013726949691772461e-01
4.986390173435211182e-01 5.013610124588012695e-01
4.985578060150146484e-01 5.014421939849853516e-01
4.986389875411987305e-01 5.013609528541564941e-01
4.986327588558197021e-01 5.013673305511474609e-01
4.985749125480651855e-01 5.014250278472900391e-01
4.986256361007690430e-01 5.013743638992309570e-01
4.986798763275146484e-01 5.013200640678405762e-01
4.986637532711029053e-01 5.013362169265747070e-01
4.986114799976348877e-01 5.013886094093322754e-01
4.987823665142059326e-01 5.012176036834716797e-01
4.987541735172271729e-01 5.012458562850952148e-01
4.986461699008941650e-01 5.013538002967834473e-01
4.985285997390747070e-01 5.014713406562805176e-01
4.986268579959869385e-01 5.013731718063354492e-01
4.986412823200225830e-01 5.013587474822998047e-01
4.985602200031280518e-01 5.014397501945495605e-01
4.986118078231811523e-01 5.013881921768188477e-01
4.986218512058258057e-01 5.013782382011413574e-01
4.985888004302978516e-01 5.014111995697021484e-01
4.986407458782196045e-01 5.013592839241027832e-01
4.986577928066253662e-01 5.013421773910522461e-01
4.986100196838378906e-01 5.013900399208068848e-01
4.986199140548706055e-01 5.013801455497741699e-01
4.985213577747344971e-01 5.014786124229431152e-01
4.986930191516876221e-01 5.013069510459899902e-01
4.985847473144531250e-01 5.014153122901916504e-01
4.985930323600769043e-01 5.014069676399230957e-01
4.986231625080108643e-01 5.013767480850219727e-01
4.986509978771209717e-01 5.013490319252014160e-01
4.986340999603271484e-01 5.013659000396728516e-01
4.986621141433715820e-01 5.013378262519836426e-01
4.986565411090850830e-01 5.013434290885925293e-01
4.985995292663574219e-01 5.014005303382873535e-01
4.986527562141418457e-01 5.013472437858581543e-01
4.986371994018554688e-01 5.013628005981445312e-01
4.985969960689544678e-01 5.014029741287231445e-01
4.986804127693176270e-01 5.013195872306823730e-01
4.986344575881958008e-01 5.013654828071594238e-01
4.986326098442077637e-01 5.013674497604370117e-01
4.986764788627624512e-01 5.013235211372375488e-01
4.987307190895080566e-01 5.012692809104919434e-01
4.985995292663574219e-01 5.014005303382873535e-01
4.986174106597900391e-01 5.013825893402099609e-01
4.985932409763336182e-01 5.014067888259887695e-01
4.986775517463684082e-01 5.013225078582763672e-01
4.986066520214080811e-01 5.013933181762695312e-01
4.986348450183868408e-01 5.013651847839355469e-01
4.986247718334197998e-01 5.013751983642578125e-01
4.986345767974853516e-01 5.013654232025146484e-01
4.986329078674316406e-01 5.013671517372131348e-01
4.986236095428466797e-01 5.013763308525085449e-01
4.986677169799804688e-01 5.013322830200195312e-01
4.986036419868469238e-01 5.013963580131530762e-01
4.986501932144165039e-01 5.013497471809387207e-01
4.985726177692413330e-01 5.014274120330810547e-01
4.987197220325469971e-01 5.012802481651306152e-01
4.986250996589660645e-01 5.013749003410339355e-01
4.986078739166259766e-01 5.013921856880187988e-01
4.988305866718292236e-01 5.011693835258483887e-01
4.986628890037536621e-01 5.013371109962463379e-01
4.986331462860107422e-01 5.013669133186340332e-01
4.988356232643127441e-01 5.011643171310424805e-01
4.986106753349304199e-01 5.013893246650695801e-01
4.987120330333709717e-01 5.012880563735961914e-01
4.986391961574554443e-01 5.013608336448669434e-01
4.986488819122314453e-01 5.013511776924133301e-01
4.985901713371276855e-01 5.014098882675170898e-01
4.986478090286254883e-01 5.013521313667297363e-01
4.986727237701416016e-01 5.013272166252136230e-01
4.986068606376647949e-01 5.013930797576904297e-01
4.985658824443817139e-01 5.014340877532958984e-01
4.988211393356323242e-01 5.011789202690124512e-01
4.985624849796295166e-01 5.014374852180480957e-01
4.986336529254913330e-01 5.013663172721862793e-01
4.986487329006195068e-01 5.013512372970581055e-01
4.986914694309234619e-01 5.013085603713989258e-01
4.986220598220825195e-01 5.013779401779174805e-01
4.985351860523223877e-01 5.014648437500000000e-01
4.986363053321838379e-01 5.013636350631713867e-01
4.986203610897064209e-01 5.013796091079711914e-01
4.985617697238922119e-01 5.014382600784301758e-01
4.986427426338195801e-01 5.013573169708251953e-01
4.986012578010559082e-01 5.013987421989440918e-01
4.986189305782318115e-01 5.013810396194458008e-01
4.986764788627624512e-01 5.013235211372375488e-01
4.985525310039520264e-01 5.014474391937255859e-01
4.986267387866973877e-01 5.013732910156250000e-01
4.986400306224822998e-01 5.013599991798400879e-01
4.986358880996704102e-01 5.013641119003295898e-01
4.985996484756469727e-01 5.014003515243530273e-01
4.986094832420349121e-01 5.013905763626098633e-01
4.985307157039642334e-01 5.014693140983581543e-01
4.986125230789184570e-01 5.013874173164367676e-01
4.986727535724639893e-01 5.013272166252136230e-01
4.986229240894317627e-01 5.013770461082458496e-01
4.986115694046020508e-01 5.013884902000427246e-01
4.986529648303985596e-01 5.013470053672790527e-01
4.985784888267517090e-01 5.014215707778930664e-01
4.986493289470672607e-01 5.013507008552551270e-01
4.986087977886199951e-01 5.013912320137023926e-01
4.986230432987213135e-01 5.013768672943115234e-01
4.985903799533843994e-01 5.014095306396484375e-01
4.986339509487152100e-01 5.013659596443176270e-01
4.986486136913299561e-01 5.013514161109924316e-01
4.986905753612518311e-01 5.013093352317810059e-01
4.985420703887939453e-01 5.014579296112060547e-01
4.986321926116943359e-01 5.013678073883056641e-01
4.986465573310852051e-01 5.013534426689147949e-01
4.988014400005340576e-01 5.011985301971435547e-01
4.986349344253540039e-01 5.013650059700012207e-01
4.986134171485900879e-01 5.013865828514099121e-01
4.986404776573181152e-01 5.013595223426818848e-01
4.985611140727996826e-01 5.014389157295227051e-01
4.986692070960998535e-01 5.013307929039001465e-01
4.986153244972229004e-01 5.013846755027770996e-01
4.986582696437835693e-01 5.013417601585388184e-01
4.986932873725891113e-01 5.013066530227661133e-01
4.985811710357666016e-01 5.014187693595886230e-01
4.986068010330200195e-01 5.013931393623352051e-01
4.986036419868469238e-01 5.013963580131530762e-01
4.986261427402496338e-01 5.013738274574279785e-01
4.986490905284881592e-01 5.013509392738342285e-01
4.986045062541961670e-01 5.013954639434814453e-01
4.986536204814910889e-01 5.013463497161865234e-01
4.986912608146667480e-01 5.013087391853332520e-01
4.987189471721649170e-01 5.012810826301574707e-01
4.986314773559570312e-01 5.013685226440429688e-01
4.986920654773712158e-01 5.013079643249511719e-01
4.986401498317718506e-01 5.013598799705505371e-01
4.985965490341186523e-01 5.014033913612365723e-01
4.986801743507385254e-01 5.013198256492614746e-01
4.986801743507385254e-01 5.013198256492614746e-01
4.986540079116821289e-01 5.013460516929626465e-01
4.986296296119689941e-01 5.013703703880310059e-01
4.986454844474792480e-01 5.013545155525207520e-01
4.986458718776702881e-01 5.013541579246520996e-01
4.986474215984344482e-01 5.013526082038879395e-01
4.986072778701782227e-01 5.013926625251770020e-01
4.986588656902313232e-01 5.013411641120910645e-01
4.986358880996704102e-01 5.013640522956848145e-01
4.986153244972229004e-01 5.013846755027770996e-01
4.986421763896942139e-01 5.013578534126281738e-01
4.987201094627380371e-01 5.012798905372619629e-01
4.986933171749114990e-01 5.013066530227661133e-01
4.986492097377777100e-01 5.013508200645446777e-01
4.986288845539093018e-01 5.013711452484130859e-01
4.985933303833007812e-01 5.014066696166992188e-01
4.986533522605895996e-01 5.013467073440551758e-01
4.986352324485778809e-01 5.013647675514221191e-01
4.985824823379516602e-01 5.014175176620483398e-01
4.986734688282012939e-01 5.013265609741210938e-01
4.985965490341186523e-01 5.014033913612365723e-01
4.986146092414855957e-01 5.013853311538696289e-01
4.986045062541961670e-01 5.013954639434814453e-01
4.987538158893585205e-01 5.012462139129638672e-01
4.986774921417236328e-01 5.013225078582763672e-01
4.986557066440582275e-01 5.013442635536193848e-01
4.986236691474914551e-01 5.013763308525085449e-01
4.986238181591033936e-01 5.013761520385742188e-01
4.985991418361663818e-01 5.014008879661560059e-01
4.986369907855987549e-01 5.013630390167236328e-01
4.986052215099334717e-01 5.013947486877441406e-01
4.986372590065002441e-01 5.013627409934997559e-01
4.986656010150909424e-01 5.013344883918762207e-01
4.985815882682800293e-01 5.014183521270751953e-01
4.987128078937530518e-01 5.012871623039245605e-01
4.986378550529479980e-01 5.013621449470520020e-01
4.986033737659454346e-01 5.013966560363769531e-01
4.986505210399627686e-01 5.013494491577148438e-01
4.986104369163513184e-01 5.013896226882934570e-01
4.985656142234802246e-01 5.014343857765197754e-01
4.987538158893585205e-01 5.012462139129638672e-01
4.986385405063629150e-01 5.013614296913146973e-01
4.986443519592285156e-01 5.013555884361267090e-01
4.986089169979095459e-01 5.013910531997680664e-01
4.985955655574798584e-01 5.014044642448425293e-01
4.988230168819427490e-01 5.011769533157348633e-01
4.986369013786315918e-01 5.013630390167236328e-01
4.985237717628479004e-01 5.014761686325073242e-01
4.986444413661956787e-01 5.013554692268371582e-01
4.986620545387268066e-01 5.013379454612731934e-01
4.986639916896820068e-01 5.013360381126403809e-01
4.986439049243927002e-01 5.013561248779296875e-01
4.985499978065490723e-01 5.014500021934509277e-01
4.986573159694671631e-01 5.013426542282104492e-01
4.986495077610015869e-01 5.013505220413208008e-01
4.986348748207092285e-01 5.013651251792907715e-01
4.986306726932525635e-01 5.013692975044250488e-01
4.986135959625244141e-01 5.013864040374755859e-01
4.986398220062255859e-01 5.013601183891296387e-01
4.985846281051635742e-01 5.014154314994812012e-01
4.986028671264648438e-01 5.013970732688903809e-01
4.986534118652343750e-01 5.013466477394104004e-01
4.986212849617004395e-01 5.013787150382995605e-01
4.986694455146789551e-01 5.013305544853210449e-01
4.986794292926788330e-01 5.013206005096435547e-01
4.986220300197601318e-01 5.013779997825622559e-01
4.986247122287750244e-01 5.013752579689025879e-01
4.986405968666076660e-01 5.013594031333923340e-01
4.984754323959350586e-01 5.015245676040649414e-01
4.986584484577178955e-01 5.013415813446044922e-01
4.986943006515502930e-01 5.013056993484497070e-01
4.986766874790191650e-01 5.013234019279479980e-01
4.986378550529479980e-01 5.013621449470520020e-01
4.985854923725128174e-01 5.014145374298095703e-01
4.986377954483032227e-01 5.013622045516967773e-01
4.986950457096099854e-01 5.013049244880676270e-01
4.985860288143157959e-01 5.014139413833618164e-01
4.986895620822906494e-01 5.013103485107421875e-01
4.986389875411987305e-01 5.013609528541564941e-01
4.986140131950378418e-01 5.013859868049621582e-01
4.985184967517852783e-01 5.014814734458923340e-01
4.986453950405120850e-01 5.013545751571655273e-01
4.986450672149658203e-01 5.013548731803894043e-01
